2451 6051
2426 9633
1161 6599
 935 9779
 624 2061
 577 5554
 465 6651
 464 2743
 461 5376
 438 6696
 410 4352
 402 13526
 399 1553
 323 8063
 321 10900
 315 8429
 263 4987
 257 11784
 248 2949
 227 12220
 192 12718
 190 2338
 177 3804
 171 428
 167 7092
 166 12172
 165 10184
 155 10045
 151 3924
 120 9029
 116 1878
 115 10932
 114 10026
 110 2044
 105 3497
 100 9434
 100 13653
  98 7172
  97 5367
  92 1847
  90 3283
  89 11371
  88 6231
  85 13170
  84 2870
  83 1602
  83 10033
  82 11249
  79 2449
  79 10511
  78 8169
  78 7661
  77 1946
  77 13876
  76 5955
  76 13444
  75 165
  73 8274
  73 13873
  72 6597
  70 4981
  70 4300
  70 233
  70 13594
  68 10577
  67 7764
  67 5460
  67 2444
  66 13475
  66 12972
  65 878
  65 12676
  63 9999
  62 7008
  62 6476
  62 11536
  61 5046
  61 3130
  60 2241
  59 9605
  59 1472
  59 13332
  59 10600
  59 10378
  58 12647
  57 4793
  56 960
  56 8161
  56 7000
  56 5421
  56 3034
  56 1546
  56 1213
  55 4954
  54 7041
  54 5475
  54 5166
  54 3426
  54 2665
  54 2341
  54 152
  54 1310
  54 12966
  54 12090
  53 10644
  52 4644
  52 4340
  52 4085
  51 7218
  51 5618
  51 2145
  51 12965
  50 9193
  50 793
  50 7840
  50 7416
  50 2246
  50 14902
  50 11037
  50 10432
  49 5206
  49 4936
  49 3065
  49 1895
  48 5163
  48 12752
  48 10496
  47 9738
  47 9642
  47 8679
  47 7130
  47 6347
  47 4949
  47 3829
  47 12464
  47 10005
  46 6846
  46 14012
  46 13875
  46 12519
  46 11678
  46 11073
  45 9412
  45 8029
  45 762
  45 6125
  45 14627
  44 9296
  44 8035
  44 7678
  44 6665
  44 5380
  44 4330
  44 3695
  44 3518
  44 2942
  44 1834
  44 14785
  44 12258
  44 10688
  43 8143
  43 626
  43 3496
  43 253
  43 14703
  43 14544
  43 13622
  43 13471
  43 11139
  43 10522
  42 9245
  42 9240
  42 823
  42 7420
  42 3654
  42 3457
  42 2802
  42 2080
  42 1403
  42 1393
  41 7761
  41 5755
  41 13707
  41 13378
  40 7476
  40 6973
  40 4327
  40 2658
  40 2560
  40 12937
  40 10223
  40 10028
  39 9438
  39 9308
  39 9135
  39 6130
  39 3898
  39 3096
  39 2126
  39 13887
  39 13532
  39 12075
  39 11254
  39 10282
  38 9196
  38 384
  38 2330
  38 2268
  38 1604
  38 12171
  37 2339
  37 1926
  37 14111
  37 13171
  37 11356
  37 11207
  37 10338
  37 1031
  36 6991
  36 4156
  36 3731
  36 3611
  36 2940
  36 13224
  36 12830
  36 12063
  36 1046
  36 10313
  36 10267
  36 10166
  36 10067
  35 8218
  35 680
  35 5880
  35 5203
  35 362
  35 3495
  35 2131
  35 13678
  35 13124
  34 9935
  34 9159
  34 7076
  34 5512
  34 4873
  34 4385
  34 1980
  34 1238
  34 11856
  34 11288
  34 1005
  33 9737
  33 9446
  33 9365
  33 784
  33 7613
  33 7121
  33 515
  33 3544
  33 351
  33 14591
  33 11864
  33 11676
  33 11010
  32 95
  32 9399
  32 868
  32 6241
  32 3748
  32 207
  32 14044
  32 12896
  32 12673
  32 12609
  32 12336
  32 12193
  32 10441
  31 9907
  31 7918
  31 7356
  31 6483
  31 4894
  31 461
  31 395
  31 328
  31 13775
  31 13552
  31 1342
  31 13176
  31 1276
  31 11643
  31 11412
  31 11095
  31 10125
  30 9573
  30 9504
  30 9369
  30 887
  30 8864
  30 7668
  30 6090
  30 4313
  30 3155
  30 2228
  30 14669
  30 14420
  30 11153
  30 11136
  29 9230
  29 8417
  29 7545
  29 623
  29 5762
  29 3987
  29 14105
  29 1387
  29 11781
  29 11145
  29 10683
  29 10255
  29 10075
  28 8885
  28 8163
  28 8120
  28 6542
  28 3278
  28 14660
  28 14164
  28 11674
  27 9880
  27 9179
  27 7648
  27 7599
  27 7510
  27 7091
  27 6679
  27 6450
  27 5590
  27 4821
  27 4735
  27 3977
  27 3962
  27 3888
  27 355
  27 3410
  27 12936
  26 9155
  26 9131
  26 8940
  26 8473
  26 7426
  26 725
  26 7125
  26 6971
  26 6511
  26 6484
  26 6270
  26 5832
  26 4190
  26 3296
  26 3256
  26 3020
  26 1906
  26 1740
  26 11441
  26 10222
  25 9881
  25 8855
  25 867
  25 7637
  25 7337
  25 6934
  25 5470
  25 4734
  25 2893
  25 2814
  25 2313
  25 14869
  25 14408
  25 14291
  25 13259
  25 12700
  25 12613
  25 1256
  25 11990
  25 11909
  25 1188
  25 11113
  24 9231
  24 8764
  24 8648
  24 8496
  24 8206
  24 7992
  24 7615
  24 7429
  24 7203
  24 5259
  24 4697
  24 4404
  24 415
  24 372
  24 33
  24 2209
  24 1582
  24 1510
  24 13607
  24 12131
  24 11897
  24 10685
  23 9086
  23 8302
  23 8094
  23 8036
  23 7058
  23 6290
  23 614
  23 5277
  23 5172
  23 5132
  23 4980
  23 4600
  23 4551
  23 4353
  23 3397
  23 2947
  23 2729
  23 247
  23 2054
  23 1673
  23 14730
  23 13926
  23 13417
  23 12416
  23 12390
  23 11176
  23 10277
  23 10150
  22 9469
  22 8289
  22 7981
  22 7629
  22 6658
  22 6438
  22 5919
  22 4070
  22 3937
  22 2988
  22 2559
  22 2512
  22 1471
  22 14397
  22 14366
  22 12776
  22 12245
  22 12003
  22 11828
  22 11709
  22 10930
  22 10822
  21 9618
  21 9383
  21 8649
  21 8633
  21 8619
  21 8582
  21 8515
  21 8278
  21 7666
  21 7241
  21 7227
  21 7147
  21 6749
  21 6716
  21 6455
  21 5852
  21 5812
  21 5709
  21 5661
  21 5649
  21 5202
  21 5088
  21 4960
  21 4776
  21 3942
  21 193
  21 1864
  21 14565
  21 14442
  21 13372
  21 13362
  21 12743
  21 12246
  21 12148
  21 12114
  21 11756
  21 11058
  21 10855
  20 9571
  20 8964
  20 8787
  20 8777
  20 7823
  20 7658
  20 742
  20 6628
  20 6166
  20 5946
  20 5791
  20 4645
  20 3409
  20 3372
  20 2813
  20 2553
  20 1828
  20 1500
  20 14214
  20 13858
  20 13710
  20 13679
  20 1358
  20 13489
  20 13352
  20 13078
  20 12970
  20 12514
  20 12353
  20 1203
  20 1147
  20 11449
  20 11183
  20 11082
  20 1102
  20 10925
  20 1065
  20 1054
  20 10259
  19 9873
  19 9516
  19 9275
  19 8882
  19 8714
  19 851
  19 813
  19 8041
  19 6582
  19 5676
  19 5574
  19 5379
  19 513
  19 4946
  19 4934
  19 4931
  19 4737
  19 4723
  19 4624
  19 4221
  19 393
  19 3623
  19 3332
  19 3114
  19 2810
  19 2664
  19 2568
  19 14877
  19 14816
  19 12804
  19 12601
  19 11916
  19 11755
  19 11031
  19 10710
  19 10655
  19 10357
  19 10107
  18 976
  18 8950
  18 884
  18 8677
  18 8598
  18 8536
  18 8433
  18 8292
  18 8150
  18 7962
  18 7717
  18 7680
  18 7539
  18 7441
  18 740
  18 7399
  18 6793
  18 6530
  18 6280
  18 620
  18 5845
  18 5800
  18 5647
  18 5530
  18 5179
  18 5101
  18 474
  18 4210
  18 369
  18 3165
  18 2833
  18 2408
  18 2151
  18 14918
  18 14841
  18 148
  18 14276
  18 1296
  18 12786
  18 12630
  18 12430
  18 124
  18 11814
  18 11761
  18 11199
  17 991
  17 9638
  17 9334
  17 9091
  17 8830
  17 8763
  17 8365
  17 8351
  17 7955
  17 754
  17 7309
  17 6685
  17 6533
  17 6322
  17 6271
  17 6014
  17 6008
  17 6004
  17 5943
  17 526
  17 5210
  17 4898
  17 4626
  17 4536
  17 4034
  17 3975
  17 3890
  17 3845
  17 2476
  17 2079
  17 1720
  17 14553
  17 14427
  17 14174
  17 13063
  17 12380
  17 12243
  17 1211
  17 1208
  17 11972
  17 11731
  17 10809
  17 10536
  17 10502
  17 10235
  16 9930
  16 9255
  16 9025
  16 9003
  16 7858
  16 7612
  16 7595
  16 7298
  16 7042
  16 684
  16 6701
  16 6168
  16 5529
  16 5506
  16 5087
  16 5
  16 4685
  16 4573
  16 4519
  16 4131
  16 4108
  16 3997
  16 3645
  16 3634
  16 3228
  16 3078
  16 2975
  16 2298
  16 228
  16 2200
  16 2096
  16 1709
  16 1643
  16 14903
  16 14827
  16 14481
  16 1447
  16 14013
  16 13410
  16 13172
  16 13099
  16 13093
  16 1308
  16 1287
  16 12691
  16 12399
  16 12370
  16 11796
  16 11169
  16 10792
  16 10574
  16 10018
  15 9890
  15 9770
  15 8695
  15 8185
  15 7794
  15 747
  15 6986
  15 6684
  15 6589
  15 6292
  15 6213
  15 6197
  15 6066
  15 6055
  15 5720
  15 5665
  15 5479
  15 5011
  15 496
  15 4470
  15 4124
  15 3874
  15 3797
  15 3574
  15 3274
  15 2963
  15 2775
  15 2308
  15 2269
  15 22
  15 2147
  15 1600
  15 14763
  15 14562
  15 14248
  15 13973
  15 13925
  15 13209
  15 13050
  15 13009
  15 12853
  15 1181
  15 11423
  15 11255
  15 11156
  15 11105
  15 11024
  15 10443
  15 10340
  15 10288
  15 10278
  15 10132
  14 996
  14 9943
  14 9645
  14 9502
  14 9388
  14 9098
  14 8747
  14 8681
  14 8215
  14 8087
  14 7966
  14 7746
  14 7700
  14 7644
  14 7625
  14 7584
  14 7347
  14 7134
  14 7128
  14 6627
  14 6418
  14 6321
  14 6198
  14 6163
  14 5921
  14 4829
  14 4694
  14 4651
  14 452
  14 4255
  14 326
  14 3249
  14 3148
  14 3039
  14 293
  14 2606
  14 2473
  14 2261
  14 2039
  14 1607
  14 14871
  14 14843
  14 14750
  14 14386
  14 14193
  14 136
  14 13521
  14 13445
  14 13165
  14 12534
  14 12521
  14 12392
  14 12083
  14 12001
  14 11332
  14 10795
  14 10735
  13 9952
  13 9841
  13 9829
  13 9806
  13 9722
  13 9215
  13 8956
  13 8895
  13 8718
  13 864
  13 8347
  13 8317
  13 8127
  13 8078
  13 7509
  13 7262
  13 72
  13 7016
  13 6956
  13 6850
  13 6805
  13 649
  13 6103
  13 6088
  13 5986
  13 5702
  13 5567
  13 5100
  13 503
  13 4993
  13 4914
  13 4875
  13 4606
  13 4430
  13 4427
  13 4275
  13 3961
  13 3868
  13 3685
  13 3550
  13 3419
  13 340
  13 304
  13 2503
  13 2170
  13 189
  13 1833
  13 1690
  13 169
  13 14845
  13 14721
  13 14335
  13 14310
  13 13826
  13 13742
  13 13600
  13 13306
  13 13261
  13 13053
  13 13012
  13 12571
  13 12456
  13 12235
  13 12156
  13 12039
  13 11998
  13 11833
  13 11812
  13 11730
  13 11529
  13 1140
  13 11339
  13 11172
  13 10598
  13 10537
  13 10400
  13 10326
  13 10296
  13 10281
  12 9859
  12 9823
  12 9753
  12 9739
  12 9594
  12 9358
  12 8781
  12 8487
  12 8326
  12 8252
  12 8241
  12 8160
  12 8086
  12 7263
  12 6772
  12 6735
  12 6682
  12 6581
  12 621
  12 5838
  12 5739
  12 5685
  12 562
  12 5485
  12 5461
  12 5313
  12 5029
  12 4855
  12 469
  12 4372
  12 4267
  12 3788
  12 3736
  12 3396
  12 3353
  12 3338
  12 2900
  12 2711
  12 2445
  12 2388
  12 2076
  12 1775
  12 1677
  12 14863
  12 14676
  12 14510
  12 14381
  12 14301
  12 14152
  12 14062
  12 14054
  12 13908
  12 13722
  12 13720
  12 13672
  12 1346
  12 1341
  12 13242
  12 13079
  12 1280
  12 12645
  12 12582
  12 12579
  12 1222
  12 121
  12 11967
  12 11918
  12 11485
  12 11378
  12 10901
  12 10617
  12 10297
  12 10197
  11 9963
  11 9944
  11 9815
  11 9771
  11 9741
  11 9610
  11 9544
  11 9439
  11 924
  11 8476
  11 8392
  11 827
  11 8264
  11 8246
  11 8114
  11 7885
  11 7837
  11 7772
  11 770
  11 7505
  11 7395
  11 6640
  11 658
  11 650
  11 6180
  11 550
  11 5140
  11 5072
  11 4919
  11 4671
  11 45
  11 4390
  11 4244
  11 4122
  11 401
  11 3878
  11 3290
  11 3198
  11 3063
  11 3023
  11 3015
  11 2927
  11 2823
  11 2781
  11 2753
  11 2732
  11 2611
  11 257
  11 2281
  11 2110
  11 1808
  11 1713
  11 1665
  11 164
  11 14824
  11 1455
  11 14490
  11 14456
  11 14382
  11 1437
  11 14165
  11 13954
  11 13868
  11 13776
  11 13676
  11 13132
  11 13005
  11 12978
  11 12639
  11 12510
  11 12457
  11 12352
  11 12289
  11 11716
  11 1168
  11 11575
  11 11217
  11 11038
  11 10573
  11 10499
  11 10479
  11 1038
  11 10369
  11 10019
  11 10000
  10 9910
  10 9804
  10 9714
  10 9710
  10 9555
  10 9542
  10 9538
  10 9530
  10 9518
  10 9349
  10 9301
  10 9201
  10 8999
  10 8893
  10 8860
  10 8726
  10 8653
  10 8644
  10 86
  10 839
  10 8355
  10 7912
  10 764
  10 7593
  10 7564
  10 7498
  10 7094
  10 7052
  10 6984
  10 6768
  10 6590
  10 6580
  10 6243
  10 6129
  10 5826
  10 5588
  10 5525
  10 5373
  10 5174
  10 5152
  10 5063
  10 4827
  10 4562
  10 4547
  10 444
  10 440
  10 4293
  10 4217
  10 4121
  10 3999
  10 3823
  10 3691
  10 3565
  10 3493
  10 3394
  10 3324
  10 3216
  10 2954
  10 2919
  10 2725
  10 2164
  10 2085
  10 204
  10 2036
  10 1675
  10 1613
  10 1538
  10 14737
  10 14674
  10 14619
  10 1415
  10 14030
  10 13930
  10 13927
  10 13799
  10 13693
  10 13568
  10 13484
  10 13355
  10 12950
  10 12817
  10 12763
  10 12663
  10 12618
  10 12503
  10 12286
  10 11750
  10 11629
  10 11532
  10 11515
  10 11499
  10 11491
  10 11425
  10 11418
  10 11394
  10 11258
  10 11133
  10 11094
  10 11004
  10 10977
  10 1097
  10 10810
  10 10773
  10 10675
  10 10640
  10 10386
   9 9682
   9 9556
   9 9545
   9 9425
   9 9328
   9 9256
   9 9164
   9 8954
   9 8795
   9 8760
   9 8717
   9 861
   9 8495
   9 8444
   9 836
   9 8030
   9 8026
   9 7646
   9 7572
   9 7462
   9 7406
   9 7392
   9 7251
   9 718
   9 7115
   9 7077
   9 7049
   9 6964
   9 6899
   9 681
   9 6497
   9 6435
   9 628
   9 6274
   9 6118
   9 6039
   9 5934
   9 5931
   9 5896
   9 588
   9 5873
   9 5783
   9 5487
   9 5371
   9 5021
   9 4982
   9 4686
   9 4531
   9 4443
   9 4357
   9 4296
   9 3921
   9 3887
   9 3885
   9 3649
   9 3420
   9 3055
   9 3021
   9 2836
   9 2830
   9 270
   9 264
   9 258
   9 2490
   9 2279
   9 2183
   9 2124
   9 2010
   9 199
   9 1863
   9 1792
   9 1749
   9 1581
   9 14937
   9 14872
   9 14803
   9 14726
   9 14511
   9 14474
   9 14390
   9 14383
   9 14359
   9 14061
   9 13995
   9 13963
   9 1386
   9 13840
   9 1376
   9 13648
   9 13640
   9 13449
   9 13418
   9 13388
   9 13212
   9 13188
   9 13080
   9 1304
   9 12974
   9 12895
   9 12889
   9 12671
   9 12531
   9 12477
   9 12447
   9 12261
   9 12125
   9 12057
   9 12033
   9 11852
   9 1173
   9 11720
   9 11607
   9 116
   9 11478
   9 11437
   9 11011
   9 10968
   9 10921
   9 10841
   9 10728
   9 10402
   9 10382
   9 10173
   9 10139
   9 10102
   8 9995
   8 9939
   8 9825
   8 9708
   8 9569
   8 9543
   8 9528
   8 9473
   8 9449
   8 9426
   8 9346
   8 9343
   8 9278
   8 9277
   8 9178
   8 8779
   8 8757
   8 8739
   8 8698
   8 8567
   8 8565
   8 8563
   8 8537
   8 8450
   8 8385
   8 8314
   8 7959
   8 7896
   8 7801
   8 771
   8 7705
   8 7542
   8 7538
   8 7485
   8 7272
   8 722
   8 7161
   8 7075
   8 696
   8 6955
   8 694
   8 6924
   8 6771
   8 6731
   8 6630
   8 6603
   8 6544
   8 641
   8 6399
   8 6389
   8 6134
   8 6044
   8 5916
   8 5859
   8 5824
   8 5749
   8 5658
   8 5534
   8 5486
   8 5466
   8 5449
   8 5444
   8 5374
   8 5334
   8 532
   8 5293
   8 5244
   8 5234
   8 5142
   8 514
   8 4955
   8 4771
   8 4767
   8 4747
   8 4728
   8 4638
   8 4613
   8 4586
   8 456
   8 4376
   8 4333
   8 4251
   8 4135
   8 4011
   8 4010
   8 3958
   8 3825
   8 3563
   8 3421
   8 3389
   8 3385
   8 3364
   8 3298
   8 3258
   8 3185
   8 3137
   8 2895
   8 2758
   8 2572
   8 2491
   8 2456
   8 2417
   8 2416
   8 2345
   8 1983
   8 1736
   8 1646
   8 1598
   8 1491
   8 14864
   8 14857
   8 14826
   8 14764
   8 14729
   8 14625
   8 14559
   8 1452
   8 14479
   8 14455
   8 1422
   8 14138
   8 14071
   8 14031
   8 13966
   8 1389
   8 13877
   8 13797
   8 13792
   8 13741
   8 13711
   8 13674
   8 13663
   8 13574
   8 13534
   8 13507
   8 13320
   8 13208
   8 13152
   8 12920
   8 129
   8 1282
   8 12761
   8 12744
   8 127
   8 12622
   8 12536
   8 12511
   8 12496
   8 12474
   8 12423
   8 12367
   8 12361
   8 12292
   8 12290
   8 12287
   8 12252
   8 12238
   8 12106
   8 11913
   8 11888
   8 11845
   8 11780
   8 11778
   8 11574
   8 1157
   8 11541
   8 11524
   8 11488
   8 11475
   8 11327
   8 11275
   8 11256
   8 11245
   8 11188
   8 10936
   8 10410
   8 10234
   8 10042
   8 10025
   7 9994
   7 9990
   7 9886
   7 9709
   7 9668
   7 9550
   7 9508
   7 9447
   7 9333
   7 9293
   7 920
   7 9094
   7 9042
   7 9019
   7 889
   7 8886
   7 8825
   7 8816
   7 8736
   7 8734
   7 8673
   7 8613
   7 8512
   7 8398
   7 838
   7 8358
   7 8219
   7 82
   7 8156
   7 8154
   7 8106
   7 8049
   7 8040
   7 7999
   7 7905
   7 790
   7 7894
   7 7790
   7 774
   7 7690
   7 7527
   7 7390
   7 7322
   7 730
   7 7294
   7 7265
   7 7104
   7 7101
   7 6948
   7 6789
   7 6621
   7 6577
   7 6525
   7 6461
   7 642
   7 6397
   7 6212
   7 6188
   7 605
   7 6029
   7 5839
   7 5815
   7 5804
   7 5706
   7 5606
   7 5558
   7 543
   7 5386
   7 5343
   7 527
   7 5258
   7 521
   7 508
   7 5052
   7 478
   7 476
   7 4717
   7 4649
   7 4587
   7 4561
   7 449
   7 4436
   7 4284
   7 4283
   7 4148
   7 4118
   7 408
   7 4074
   7 3856
   7 3838
   7 3759
   7 3725
   7 3715
   7 3707
   7 3547
   7 3492
   7 3390
   7 333
   7 3301
   7 3288
   7 3201
   7 3066
   7 2980
   7 2934
   7 2881
   7 2857
   7 2854
   7 2768
   7 276
   7 2724
   7 2655
   7 2597
   7 2552
   7 2547
   7 2386
   7 2385
   7 2376
   7 2311
   7 2304
   7 218
   7 2144
   7 2090
   7 2045
   7 1930
   7 1893
   7 1879
   7 1725
   7 1691
   7 1641
   7 1629
   7 1514
   7 1488
   7 14838
   7 14837
   7 14761
   7 14623
   7 14618
   7 14552
   7 1421
   7 14195
   7 14192
   7 13939
   7 13904
   7 13883
   7 13732
   7 13709
   7 13682
   7 13667
   7 1363
   7 13584
   7 1356
   7 13493
   7 13370
   7 13364
   7 13296
   7 13289
   7 13265
   7 13106
   7 12994
   7 12842
   7 12754
   7 12736
   7 12722
   7 12481
   7 12360
   7 12345
   7 12321
   7 12320
   7 12257
   7 12204
   7 1205
   7 11933
   7 11901
   7 11871
   7 11826
   7 11800
   7 11777
   7 11637
   7 11564
   7 11513
   7 11466
   7 113
   7 11265
   7 11196
   7 11118
   7 1107
   7 11063
   7 11022
   7 10793
   7 10775
   7 10766
   7 10763
   7 1062
   7 10602
   7 10518
   7 10409
   7 10339
   7 10226
   7 1018
   7 10083
   6 9992
   6 9981
   6 9938
   6 9903
   6 9875
   6 9821
   6 9795
   6 9784
   6 9763
   6 9702
   6 9665
   6 9647
   6 9636
   6 9517
   6 9479
   6 9457
   6 9442
   6 9429
   6 9409
   6 9373
   6 9356
   6 9310
   6 9309
   6 9303
   6 9204
   6 912
   6 9067
   6 9062
   6 8998
   6 8988
   6 8981
   6 8922
   6 8876
   6 8874
   6 8765
   6 8636
   6 8634
   6 8551
   6 8484
   6 8454
   6 8364
   6 8313
   6 8304
   6 8263
   6 8205
   6 817
   6 814
   6 8064
   6 8060
   6 8054
   6 801
   6 7922
   6 7805
   6 7758
   6 7756
   6 7730
   6 758
   6 7521
   6 7468
   6 7455
   6 7445
   6 7363
   6 7362
   6 7357
   6 7344
   6 7180
   6 7177
   6 7132
   6 703
   6 7018
   6 7009
   6 6947
   6 6901
   6 6818
   6 6740
   6 6739
   6 667
   6 646
   6 6412
   6 63
   6 6285
   6 6238
   6 612
   6 603
   6 601
   6 6006
   6 5994
   6 5835
   6 5807
   6 5805
   6 5799
   6 5669
   6 5613
   6 5611
   6 5502
   6 5416
   6 538
   6 5378
   6 5368
   6 5350
   6 5284
   6 5276
   6 5110
   6 5103
   6 5074
   6 4985
   6 4930
   6 4869
   6 4853
   6 4548
   6 4450
   6 442
   6 4389
   6 4256
   6 4168
   6 4149
   6 4101
   6 4098
   6 4055
   6 4013
   6 399
   6 3913
   6 3806
   6 3757
   6 374
   6 3719
   6 3669
   6 3598
   6 3477
   6 3464
   6 3393
   6 3322
   6 3306
   6 3243
   6 3111
   6 3103
   6 2996
   6 2985
   6 2766
   6 2583
   6 2582
   6 2436
   6 2422
   6 2306
   6 2249
   6 2199
   6 2176
   6 2160
   6 2138
   6 2095
   6 201
   6 2009
   6 1916
   6 1875
   6 1788
   6 1750
   6 1742
   6 1716
   6 1548
   6 1533
   6 1532
   6 1513
   6 14931
   6 14914
   6 14892
   6 14663
   6 14472
   6 14470
   6 14469
   6 14369
   6 14292
   6 14241
   6 1411
   6 1394
   6 13932
   6 13900
   6 13884
   6 13851
   6 13815
   6 13737
   6 13712
   6 1371
   6 13644
   6 13498
   6 13474
   6 13453
   6 13438
   6 133
   6 13271
   6 13268
   6 13262
   6 13028
   6 13006
   6 1297
   6 12933
   6 12868
   6 12867
   6 12803
   6 12685
   6 12572
   6 12560
   6 12552
   6 12539
   6 12533
   6 12491
   6 1249
   6 12443
   6 1241
   6 12393
   6 12260
   6 12223
   6 12191
   6 12181
   6 12167
   6 12154
   6 1214
   6 12133
   6 12103
   6 12041
   6 11954
   6 11934
   6 11924
   6 11721
   6 11719
   6 11670
   6 11646
   6 11468
   6 11461
   6 11434
   6 11351
   6 11310
   6 11299
   6 11222
   6 1119
   6 11159
   6 11101
   6 11053
   6 10957
   6 10954
   6 10914
   6 10702
   6 10651
   6 1059
   6 1055
   6 10489
   6 10392
   6 10353
   6 10309
   6 10204
   6 10108
   5 9991
   5 9972
   5 9954
   5 973
   5 9728
   5 9712
   5 9703
   5 9687
   5 9657
   5 9640
   5 9478
   5 9424
   5 9393
   5 9389
   5 9330
   5 9241
   5 9227
   5 9189
   5 9183
   5 9158
   5 911
   5 906
   5 9033
   5 8962
   5 8843
   5 8828
   5 8802
   5 8793
   5 877
   5 8708
   5 8702
   5 8694
   5 8661
   5 8650
   5 8645
   5 8643
   5 8639
   5 8604
   5 8570
   5 8564
   5 8533
   5 8459
   5 8395
   5 8387
   5 8344
   5 8332
   5 8300
   5 8251
   5 8236
   5 8162
   5 8115
   5 81
   5 8062
   5 8006
   5 7994
   5 7975
   5 79
   5 7863
   5 782
   5 7816
   5 7739
   5 7671
   5 7597
   5 7531
   5 7452
   5 7442
   5 7405
   5 7329
   5 7305
   5 7264
   5 7154
   5 7133
   5 7031
   5 7030
   5 7013
   5 6981
   5 6979
   5 6963
   5 6931
   5 689
   5 6877
   5 6876
   5 6834
   5 6812
   5 6795
   5 6761
   5 6699
   5 669
   5 6594
   5 6566
   5 6558
   5 6491
   5 6487
   5 6464
   5 645
   5 6414
   5 6374
   5 6345
   5 6304
   5 6272
   5 6226
   5 6221
   5 6201
   5 6194
   5 6171
   5 6156
   5 6113
   5 6043
   5 6015
   5 60
   5 5982
   5 5960
   5 5906
   5 5902
   5 5894
   5 5877
   5 583
   5 5714
   5 5699
   5 5695
   5 5667
   5 5634
   5 560
   5 5571
   5 5527
   5 5524
   5 5523
   5 5482
   5 5474
   5 5472
   5 5471
   5 5439
   5 5419
   5 5397
   5 5389
   5 5364
   5 5219
   5 5150
   5 5128
   5 5114
   5 5098
   5 5097
   5 5094
   5 5070
   5 4938
   5 4851
   5 4809
   5 4808
   5 4802
   5 4781
   5 4706
   5 4702
   5 4678
   5 4660
   5 4597
   5 4596
   5 4558
   5 4539
   5 4522
   5 4469
   5 4413
   5 4388
   5 43
   5 4230
   5 4227
   5 4191
   5 4154
   5 4133
   5 4126
   5 4115
   5 4110
   5 4093
   5 4083
   5 4081
   5 4046
   5 4045
   5 3950
   5 3871
   5 3869
   5 3860
   5 3808
   5 3785
   5 3772
   5 3764
   5 3638
   5 3635
   5 3618
   5 3608
   5 3607
   5 3596
   5 3561
   5 3530
   5 353
   5 350
   5 3449
   5 3441
   5 344
   5 3382
   5 3379
   5 3376
   5 3373
   5 3331
   5 3319
   5 3261
   5 3192
   5 3125
   5 3094
   5 3047
   5 3040
   5 3018
   5 3
   5 2999
   5 2925
   5 2918
   5 2887
   5 2885
   5 2861
   5 2822
   5 2795
   5 2710
   5 2682
   5 2672
   5 2610
   5 2584
   5 2557
   5 2466
   5 246
   5 2399
   5 2348
   5 2322
   5 2314
   5 2155
   5 2152
   5 2103
   5 2097
   5 2029
   5 1977
   5 1963
   5 1961
   5 1949
   5 1732
   5 173
   5 166
   5 1631
   5 1523
   5 14929
   5 14858
   5 14776
   5 14772
   5 14738
   5 14735
   5 14605
   5 14577
   5 14508
   5 14449
   5 14433
   5 14417
   5 14367
   5 1430
   5 14280
   5 14271
   5 14215
   5 14170
   5 14161
   5 14146
   5 14037
   5 13991
   5 13905
   5 13864
   5 13853
   5 13847
   5 13810
   5 13795
   5 13782
   5 13777
   5 13766
   5 13759
   5 13652
   5 13630
   5 13566
   5 13542
   5 13468
   5 13434
   5 1339
   5 13382
   5 13367
   5 13363
   5 13341
   5 13299
   5 13260
   5 13231
   5 13218
   5 13159
   5 13146
   5 13114
   5 13113
   5 13075
   5 13049
   5 12832
   5 12823
   5 12814
   5 12766
   5 12742
   5 12708
   5 12633
   5 12535
   5 12524
   5 12512
   5 12498
   5 12439
   5 12391
   5 12209
   5 12187
   5 12122
   5 12101
   5 12032
   5 12028
   5 1200
   5 11925
   5 1187
   5 1186
   5 11849
   5 11842
   5 11825
   5 11822
   5 11793
   5 11767
   5 11725
   5 11710
   5 11702
   5 11679
   5 11669
   5 11648
   5 11631
   5 11608
   5 1158
   5 11553
   5 11494
   5 11325
   5 11251
   5 11234
   5 11168
   5 11104
   5 11098
   5 10972
   5 10881
   5 10853
   5 1085
   5 10796
   5 10779
   5 1077
   5 10746
   5 10731
   5 107
   5 10591
   5 10590
   5 10491
   5 10478
   5 10429
   5 10426
   5 1042
   5 10418
   5 10414
   5 1039
   5 10387
   5 10368
   5 10175
   5 10153
   5 10101
   5 10094
   5 10066
   5 10011
   4 9967
   4 995
   4 9883
   4 987
   4 9827
   4 9767
   4 9757
   4 9745
   4 9744
   4 9732
   4 9715
   4 9656
   4 9634
   4 9629
   4 9627
   4 9588
   4 9578
   4 9484
   4 9444
   4 9441
   4 9405
   4 9397
   4 938
   4 9331
   4 925
   4 9244
   4 9228
   4 919
   4 918
   4 9176
   4 9162
   4 915
   4 9144
   4 9142
   4 9119
   4 9053
   4 9046
   4 9043
   4 9017
   4 8987
   4 8932
   4 8927
   4 8912
   4 8899
   4 8884
   4 8834
   4 8803
   4 8770
   4 873
   4 8716
   4 8675
   4 8556
   4 8546
   4 8532
   4 853
   4 8504
   4 8445
   4 8406
   4 8397
   4 8370
   4 835
   4 8341
   4 8328
   4 8279
   4 8258
   4 8214
   4 8188
   4 8172
   4 8145
   4 8066
   4 8065
   4 8032
   4 800
   4 8
   4 7960
   4 7935
   4 7913
   4 7882
   4 7834
   4 7826
   4 7728
   4 7720
   4 7699
   4 7694
   4 7683
   4 7667
   4 7626
   4 7591
   4 756
   4 7554
   4 7502
   4 749
   4 7388
   4 7370
   4 7346
   4 7336
   4 7330
   4 73
   4 7288
   4 7274
   4 7257
   4 7255
   4 7226
   4 7223
   4 7215
   4 7148
   4 7103
   4 7068
   4 7061
   4 7053
   4 701
   4 7
   4 697
   4 6966
   4 691
   4 6908
   4 6904
   4 6892
   4 6827
   4 6787
   4 6747
   4 6726
   4 6720
   4 67
   4 6642
   4 6569
   4 6560
   4 654
   4 6539
   4 6513
   4 6503
   4 6478
   4 6434
   4 6421
   4 6355
   4 6338
   4 6335
   4 6326
   4 630
   4 6296
   4 6283
   4 6266
   4 6257
   4 6219
   4 611
   4 6108
   4 6080
   4 6079
   4 6074
   4 6030
   4 6021
   4 6007
   4 5993
   4 5961
   4 5925
   4 589
   4 585
   4 5817
   4 5650
   4 5627
   4 5610
   4 56
   4 5570
   4 5566
   4 5561
   4 5544
   4 5497
   4 5473
   4 5469
   4 5436
   4 5434
   4 5400
   4 5391
   4 5370
   4 5369
   4 5341
   4 5340
   4 533
   4 5324
   4 5262
   4 5220
   4 5207
   4 5204
   4 5191
   4 5190
   4 519
   4 5171
   4 5160
   4 5133
   4 5120
   4 51
   4 5090
   4 5075
   4 5055
   4 5026
   4 4992
   4 497
   4 4951
   4 495
   4 4928
   4 4922
   4 4917
   4 4856
   4 4840
   4 4832
   4 4830
   4 4816
   4 4810
   4 481
   4 4775
   4 4724
   4 4714
   4 4682
   4 4676
   4 463
   4 4622
   4 4614
   4 4542
   4 4493
   4 4485
   4 4472
   4 4466
   4 4420
   4 4409
   4 4324
   4 4314
   4 4291
   4 4240
   4 4211
   4 4169
   4 4073
   4 406
   4 4054
   4 4003
   4 3985
   4 3943
   4 3941
   4 3903
   4 3900
   4 3787
   4 3705
   4 3644
   4 3629
   4 3569
   4 3504
   4 3478
   4 3469
   4 345
   4 3432
   4 3429
   4 342
   4 3418
   4 3392
   4 338
   4 3362
   4 3347
   4 3272
   4 3271
   4 3238
   4 3219
   4 3158
   4 3086
   4 3079
   4 3035
   4 3009
   4 2989
   4 2986
   4 2972
   4 2951
   4 2922
   4 290
   4 2835
   4 2776
   4 2745
   4 2722
   4 2706
   4 27
   4 2692
   4 2636
   4 260
   4 2592
   4 2562
   4 2517
   4 2477
   4 2320
   4 2317
   4 2253
   4 2233
   4 2229
   4 2149
   4 2115
   4 2093
   4 2083
   4 2053
   4 2049
   4 1994
   4 1975
   4 1964
   4 1958
   4 1942
   4 1891
   4 1831
   4 18
   4 1782
   4 1765
   4 1763
   4 1718
   4 1707
   4 1682
   4 1647
   4 1642
   4 16
   4 1535
   4 1528
   4 1493
   4 14928
   4 14927
   4 14881
   4 14874
   4 14868
   4 14860
   4 1482
   4 14797
   4 14742
   4 14734
   4 14705
   4 14699
   4 14698
   4 14678
   4 14659
   4 14621
   4 14620
   4 14614
   4 14604
   4 14581
   4 14482
   4 14473
   4 14465
   4 14452
   4 14432
   4 14414
   4 14411
   4 14368
   4 143
   4 14235
   4 14217
   4 14198
   4 14187
   4 14141
   4 14091
   4 14053
   4 14015
   4 14000
   4 140
   4 13983
   4 13979
   4 13974
   4 13885
   4 1384
   4 13790
   4 13785
   4 13747
   4 1369
   4 13615
   4 13555
   4 13530
   4 13503
   4 13488
   4 1348
   4 13466
   4 13454
   4 13450
   4 13441
   4 13403
   4 13401
   4 13400
   4 13386
   4 13305
   4 13287
   4 13193
   4 13156
   4 13116
   4 13066
   4 13055
   4 13038
   4 13034
   4 13029
   4 13021
   4 12987
   4 12969
   4 12916
   4 12878
   4 12865
   4 12860
   4 12859
   4 12728
   4 12684
   4 12664
   4 12660
   4 12652
   4 12625
   4 1257
   4 12569
   4 12493
   4 12469
   4 12441
   4 12408
   4 12394
   4 12295
   4 12222
   4 12215
   4 12208
   4 12182
   4 12180
   4 12179
   4 12124
   4 12073
   4 12006
   4 11996
   4 11907
   4 11836
   4 11774
   4 11773
   4 11741
   4 1171
   4 1169
   4 11657
   4 1160
   4 11596
   4 11577
   4 11543
   4 11509
   4 11477
   4 11471
   4 11463
   4 11424
   4 11420
   4 1141
   4 11402
   4 11399
   4 11398
   4 11391
   4 11390
   4 11379
   4 1136
   4 11342
   4 11330
   4 11300
   4 11294
   4 11284
   4 11280
   4 1127
   4 11268
   4 1124
   4 11233
   4 1122
   4 11195
   4 11154
   4 1113
   4 11117
   4 11061
   4 10991
   4 10967
   4 10965
   4 10945
   4 10911
   4 10905
   4 10896
   4 10861
   4 10860
   4 10836
   4 10831
   4 10830
   4 10828
   4 10827
   4 10818
   4 10803
   4 10776
   4 10744
   4 10719
   4 10692
   4 10652
   4 10642
   4 10614
   4 10610
   4 10607
   4 10604
   4 10587
   4 10585
   4 10547
   4 10542
   4 10524
   4 10434
   4 10371
   4 10327
   4 10302
   4 10286
   4 10256
   4 10233
   4 10219
   4 10218
   4 10216
   4 10207
   4 10200
   4 10199
   4 1011
   4 10051
   4 1004
   3 9986
   3 9977
   3 9933
   3 993
   3 988
   3 9872
   3 9861
   3 984
   3 9835
   3 9796
   3 9761
   3 9756
   3 9743
   3 9740
   3 9735
   3 9700
   3 970
   3 9696
   3 9693
   3 9659
   3 9635
   3 9626
   3 9600
   3 9590
   3 9587
   3 9582
   3 9574
   3 9554
   3 9547
   3 9534
   3 9492
   3 9489
   3 9485
   3 9477
   3 9471
   3 9466
   3 9463
   3 9462
   3 9456
   3 9451
   3 944
   3 9435
   3 9430
   3 9410
   3 9398
   3 9387
   3 9381
   3 9379
   3 9376
   3 9367
   3 9364
   3 9351
   3 9350
   3 9348
   3 9338
   3 9326
   3 9324
   3 9320
   3 9307
   3 9288
   3 9273
   3 9271
   3 9258
   3 9253
   3 9224
   3 9186
   3 9182
   3 9109
   3 9104
   3 91
   3 9093
   3 9087
   3 9075
   3 9051
   3 9030
   3 9024
   3 9011
   3 9010
   3 901
   3 8980
   3 8960
   3 8904
   3 8901
   3 8868
   3 8867
   3 8845
   3 8820
   3 8810
   3 8794
   3 8776
   3 8772
   3 8755
   3 8751
   3 8744
   3 8727
   3 8723
   3 8713
   3 8710
   3 8692
   3 8656
   3 8637
   3 8618
   3 8614
   3 8566
   3 8548
   3 8529
   3 8519
   3 850
   3 8493
   3 8474
   3 8448
   3 844
   3 8434
   3 8396
   3 8378
   3 8373
   3 8369
   3 8366
   3 8338
   3 8337
   3 8331
   3 833
   3 8290
   3 8283
   3 8269
   3 8177
   3 8166
   3 8149
   3 8118
   3 8097
   3 8096
   3 8092
   3 8080
   3 8077
   3 8056
   3 805
   3 8043
   3 8031
   3 8019
   3 8016
   3 8009
   3 8003
   3 8000
   3 7998
   3 7982
   3 7979
   3 7949
   3 7946
   3 7942
   3 792
   3 7884
   3 7866
   3 7822
   3 7808
   3 7802
   3 78
   3 7780
   3 777
   3 7769
   3 7754
   3 7747
   3 7721
   3 7707
   3 7669
   3 7616
   3 7601
   3 7592
   3 7567
   3 7540
   3 7530
   3 7518
   3 7494
   3 7472
   3 7454
   3 7439
   3 7418
   3 7387
   3 7383
   3 7378
   3 7343
   3 7332
   3 7331
   3 7313
   3 7290
   3 7280
   3 7260
   3 7229
   3 7228
   3 7208
   3 7174
   3 7116
   3 7098
   3 709
   3 7084
   3 7050
   3 7040
   3 702
   3 6996
   3 6978
   3 6967
   3 6943
   3 6936
   3 6911
   3 6903
   3 6893
   3 6871
   3 6864
   3 6859
   3 6854
   3 6836
   3 6831
   3 683
   3 6820
   3 6808
   3 6804
   3 6778
   3 6766
   3 6754
   3 674
   3 6736
   3 6719
   3 6697
   3 6690
   3 6689
   3 6681
   3 6669
   3 6650
   3 6646
   3 6629
   3 6625
   3 6615
   3 661
   3 6609
   3 6551
   3 6538
   3 6528
   3 6486
   3 648
   3 6472
   3 6458
   3 6447
   3 6400
   3 6360
   3 6349
   3 6340
   3 633
   3 6328
   3 6319
   3 6314
   3 6302
   3 6295
   3 6291
   3 6281
   3 6252
   3 6210
   3 6114
   3 6106
   3 6098
   3 6097
   3 6092
   3 6091
   3 6084
   3 6072
   3 607
   3 6040
   3 6018
   3 6016
   3 5997
   3 5971
   3 5957
   3 5935
   3 590
   3 5887
   3 5856
   3 5840
   3 582
   3 5757
   3 5733
   3 5712
   3 5674
   3 564
   3 5628
   3 5609
   3 5608
   3 5607
   3 5601
   3 5584
   3 5569
   3 5562
   3 556
   3 5551
   3 5535
   3 553
   3 5522
   3 5515
   3 5507
   3 5467
   3 5450
   3 5442
   3 5432
   3 5426
   3 5410
   3 5403
   3 5356
   3 5353
   3 5303
   3 5287
   3 5250
   3 5245
   3 5239
   3 5229
   3 5226
   3 5225
   3 5223
   3 5149
   3 5136
   3 5135
   3 5071
   3 5040
   3 5039
   3 5023
   3 5010
   3 5009
   3 5005
   3 50
   3 4983
   3 4977
   3 4937
   3 4915
   3 4888
   3 4871
   3 4860
   3 485
   3 484
   3 4772
   3 4770
   3 4716
   3 471
   3 4704
   3 4700
   3 4699
   3 4695
   3 4650
   3 4643
   3 4625
   3 4605
   3 4595
   3 4589
   3 4585
   3 4582
   3 458
   3 4553
   3 4546
   3 4532
   3 4517
   3 4509
   3 4508
   3 4495
   3 4476
   3 4467
   3 4454
   3 4449
   3 4437
   3 4422
   3 4407
   3 4365
   3 4321
   3 4315
   3 4312
   3 4254
   3 4245
   3 4206
   3 4201
   3 4189
   3 4183
   3 4146
   3 4107
   3 4105
   3 4100
   3 410
   3 4094
   3 4092
   3 4084
   3 4066
   3 4062
   3 4028
   3 4025
   3 4024
   3 4018
   3 400
   3 3981
   3 3968
   3 3938
   3 3929
   3 3912
   3 39
   3 3872
   3 3866
   3 3850
   3 3844
   3 3840
   3 3839
   3 3836
   3 3820
   3 3815
   3 3768
   3 3766
   3 3735
   3 370
   3 3679
   3 3675
   3 364
   3 3599
   3 3589
   3 3586
   3 3585
   3 3527
   3 3520
   3 352
   3 3515
   3 3503
   3 3466
   3 3465
   3 3425
   3 3417
   3 3408
   3 3360
   3 3349
   3 3346
   3 3329
   3 3308
   3 3303
   3 3297
   3 3252
   3 3166
   3 3164
   3 3162
   3 3154
   3 3151
   3 3139
   3 3129
   3 3117
   3 3109
   3 3102
   3 3090
   3 3007
   3 300
   3 2990
   3 2978
   3 2936
   3 2930
   3 2904
   3 2902
   3 29
   3 2892
   3 2882
   3 2867
   3 2850
   3 2842
   3 2837
   3 2818
   3 2797
   3 279
   3 2779
   3 2777
   3 2771
   3 2762
   3 2756
   3 2704
   3 2675
   3 2671
   3 2642
   3 2640
   3 263
   3 2602
   3 26
   3 2599
   3 2594
   3 2580
   3 2565
   3 2564
   3 256
   3 2467
   3 2459
   3 2450
   3 243
   3 242
   3 2419
   3 2418
   3 2384
   3 2380
   3 2344
   3 231
   3 23
   3 229
   3 2285
   3 2282
   3 2272
   3 225
   3 2248
   3 2236
   3 2224
   3 2169
   3 2159
   3 2092
   3 2041
   3 2040
   3 1987
   3 1972
   3 1966
   3 1928
   3 1918
   3 191
   3 1877
   3 1860
   3 1839
   3 1820
   3 1817
   3 1794
   3 1785
   3 1771
   3 1761
   3 1735
   3 1714
   3 1700
   3 1687
   3 1685
   3 1667
   3 1666
   3 1650
   3 1537
   3 1508
   3 14940
   3 1494
   3 14922
   3 14912
   3 14907
   3 14906
   3 14904
   3 14873
   3 14851
   3 14850
   3 14791
   3 14790
   3 14782
   3 14771
   3 14748
   3 14722
   3 14693
   3 14662
   3 14635
   3 14628
   3 14593
   3 14583
   3 1458
   3 14519
   3 14507
   3 14483
   3 14443
   3 1444
   3 14428
   3 14401
   3 14391
   3 14385
   3 14329
   3 14326
   3 14321
   3 14315
   3 14309
   3 1426
   3 14236
   3 14230
   3 14224
   3 14213
   3 14208
   3 14207
   3 14201
   3 14191
   3 14185
   3 14181
   3 1418
   3 14150
   3 14124
   3 14121
   3 14094
   3 14089
   3 14076
   3 14025
   3 14010
   3 14002
   3 13999
   3 13951
   3 13945
   3 13943
   3 13906
   3 13891
   3 13874
   3 13837
   3 13832
   3 13831
   3 13830
   3 1383
   3 13828
   3 13822
   3 13781
   3 1370
   3 13683
   3 13681
   3 13665
   3 13642
   3 13621
   3 13605
   3 1360
   3 13557
   3 13546
   3 13522
   3 13492
   3 13491
   3 13487
   3 13482
   3 13478
   3 13457
   3 13446
   3 13414
   3 13412
   3 13394
   3 13375
   3 13369
   3 13339
   3 13325
   3 1330
   3 13283
   3 1327
   3 13255
   3 13239
   3 13214
   3 13207
   3 13192
   3 13189
   3 13110
   3 13088
   3 13071
   3 13030
   3 12981
   3 12964
   3 1295
   3 12948
   3 12947
   3 12931
   3 12914
   3 12899
   3 12888
   3 12863
   3 12844
   3 12782
   3 12771
   3 12758
   3 12747
   3 12740
   3 12730
   3 12715
   3 12705
   3 12646
   3 12635
   3 12612
   3 12589
   3 12567
   3 12562
   3 1252
   3 12484
   3 12460
   3 12445
   3 12426
   3 12404
   3 12401
   3 12388
   3 12381
   3 1237
   3 12359
   3 12346
   3 12343
   3 12325
   3 12319
   3 12297
   3 12293
   3 12279
   3 12277
   3 12275
   3 12273
   3 12248
   3 12239
   3 12229
   3 12217
   3 12212
   3 12210
   3 12192
   3 12190
   3 12149
   3 12134
   3 12121
   3 12079
   3 1207
   3 12062
   3 12056
   3 12051
   3 12047
   3 12046
   3 12040
   3 12035
   3 12023
   3 12015
   3 120
   3 12
   3 11999
   3 11975
   3 11939
   3 11892
   3 11879
   3 1183
   3 11819
   3 11776
   3 11765
   3 11758
   3 1175
   3 11732
   3 11729
   3 11724
   3 11708
   3 117
   3 11675
   3 11668
   3 11659
   3 11656
   3 11638
   3 11616
   3 11603
   3 11598
   3 11595
   3 11586
   3 11560
   3 11540
   3 11519
   3 11493
   3 11481
   3 1148
   3 11467
   3 11447
   3 11446
   3 1144
   3 11431
   3 11411
   3 11404
   3 114
   3 11377
   3 11370
   3 11368
   3 11361
   3 11348
   3 11334
   3 11321
   3 1132
   3 11301
   3 11291
   3 11270
   3 11239
   3 11228
   3 11208
   3 11205
   3 11204
   3 11128
   3 11124
   3 11107
   3 111
   3 11093
   3 1109
   3 11088
   3 11045
   3 11044
   3 11017
   3 1101
   3 11008
   3 1100
   3 10998
   3 10944
   3 10926
   3 10891
   3 10890
   3 10889
   3 10871
   3 10869
   3 10862
   3 10838
   3 10835
   3 10817
   3 10815
   3 10804
   3 10791
   3 10782
   3 10762
   3 10751
   3 10749
   3 10724
   3 10708
   3 10684
   3 10669
   3 10668
   3 1060
   3 10594
   3 10584
   3 10583
   3 10581
   3 1057
   3 10545
   3 10531
   3 10523
   3 10512
   3 10506
   3 10495
   3 10487
   3 10480
   3 10453
   3 10424
   3 1041
   3 1040
   3 10398
   3 10377
   3 10370
   3 10367
   3 10364
   3 10344
   3 10334
   3 10329
   3 10298
   3 10289
   3 10287
   3 10232
   3 10227
   3 10215
   3 10192
   3 10191
   3 10164
   3 10161
   3 10136
   3 10127
   3 10122
   3 10111
   3 10105
   3 10097
   3 10085
   3 10059
   3 10043
   3 10039
   3 10012
   2 9997
   2 999
   2 9980
   2 9965
   2 9956
   2 9955
   2 9951
   2 9946
   2 9932
   2 9901
   2 9899
   2 9896
   2 9888
   2 9865
   2 9863
   2 9855
   2 9852
   2 9846
   2 9843
   2 9828
   2 9822
   2 9792
   2 9786
   2 9780
   2 9765
   2 9755
   2 9752
   2 9751
   2 9742
   2 974
   2 9723
   2 9705
   2 9678
   2 9675
   2 9672
   2 9669
   2 9637
   2 9631
   2 9612
   2 9604
   2 9602
   2 9598
   2 9577
   2 9570
   2 9546
   2 9540
   2 9514
   2 9510
   2 9503
   2 9486
   2 9467
   2 9433
   2 9375
   2 9371
   2 9353
   2 9332
   2 9323
   2 9316
   2 9304
   2 9294
   2 9268
   2 9263
   2 9252
   2 9249
   2 9242
   2 923
   2 9209
   2 9206
   2 9169
   2 916
   2 9138
   2 9132
   2 9120
   2 9115
   2 9108
   2 9101
   2 9097
   2 9095
   2 9081
   2 9080
   2 908
   2 9079
   2 9073
   2 9072
   2 9041
   2 9037
   2 902
   2 9008
   2 9006
   2 9005
   2 8991
   2 8967
   2 8953
   2 8948
   2 8947
   2 8942
   2 894
   2 8939
   2 8933
   2 8931
   2 8913
   2 8906
   2 8896
   2 8892
   2 8890
   2 8881
   2 8878
   2 8839
   2 883
   2 8815
   2 8814
   2 8813
   2 8809
   2 8791
   2 8784
   2 8783
   2 8780
   2 8773
   2 875
   2 8741
   2 8724
   2 8722
   2 872
   2 870
   2 8691
   2 8687
   2 8678
   2 8674
   2 8655
   2 8635
   2 8626
   2 862
   2 8616
   2 8612
   2 8608
   2 8607
   2 8594
   2 8592
   2 8588
   2 8578
   2 8561
   2 8554
   2 855
   2 8547
   2 8521
   2 852
   2 8488
   2 8485
   2 8461
   2 8456
   2 8451
   2 8442
   2 8440
   2 8424
   2 8416
   2 8409
   2 840
   2 8384
   2 8380
   2 8375
   2 8368
   2 8345
   2 8323
   2 8321
   2 8319
   2 8310
   2 830
   2 8285
   2 8276
   2 8266
   2 8262
   2 8259
   2 8255
   2 825
   2 8229
   2 8220
   2 8216
   2 8209
   2 8208
   2 8204
   2 8191
   2 8189
   2 8182
   2 8176
   2 8171
   2 8135
   2 8132
   2 8119
   2 8103
   2 810
   2 8095
   2 8091
   2 8090
   2 8084
   2 8082
   2 8075
   2 8071
   2 8067
   2 8048
   2 8044
   2 8027
   2 802
   2 8015
   2 8014
   2 8010
   2 8008
   2 7989
   2 7980
   2 7963
   2 7947
   2 7939
   2 7937
   2 7934
   2 7923
   2 7920
   2 7915
   2 7906
   2 7904
   2 7892
   2 7888
   2 7887
   2 7881
   2 7879
   2 7872
   2 7867
   2 7864
   2 7857
   2 7854
   2 7850
   2 7843
   2 7841
   2 7831
   2 783
   2 7799
   2 7788
   2 7787
   2 7786
   2 7776
   2 7752
   2 775
   2 7745
   2 7723
   2 7718
   2 7713
   2 7701
   2 7681
   2 767
   2 7665
   2 765
   2 7642
   2 7635
   2 7632
   2 7624
   2 7621
   2 7614
   2 7579
   2 7571
   2 7570
   2 7565
   2 7562
   2 753
   2 7522
   2 7517
   2 7514
   2 7501
   2 7487
   2 7466
   2 7458
   2 7450
   2 7447
   2 7413
   2 7411
   2 7407
   2 7404
   2 7394
   2 7384
   2 7381
   2 7377
   2 7338
   2 7325
   2 7317
   2 7307
   2 7302
   2 7299
   2 7285
   2 7278
   2 7270
   2 727
   2 7254
   2 7252
   2 7244
   2 7242
   2 7239
   2 7235
   2 7231
   2 7220
   2 7219
   2 7210
   2 7206
   2 7195
   2 7191
   2 719
   2 7182
   2 7141
   2 7136
   2 712
   2 7119
   2 7083
   2 7055
   2 6994
   2 6962
   2 6958
   2 6957
   2 6930
   2 6926
   2 6914
   2 6912
   2 6886
   2 6885
   2 6884
   2 6879
   2 6873
   2 687
   2 6852
   2 6838
   2 6833
   2 6829
   2 6825
   2 6819
   2 6790
   2 6763
   2 6756
   2 6741
   2 6729
   2 6723
   2 6721
   2 6714
   2 6710
   2 6702
   2 6686
   2 666
   2 6653
   2 6649
   2 6606
   2 6605
   2 6574
   2 6563
   2 6554
   2 655
   2 6547
   2 6527
   2 6523
   2 6521
   2 6507
   2 6505
   2 6498
   2 6495
   2 6489
   2 6485
   2 6470
   2 6448
   2 6444
   2 6439
   2 6430
   2 6416
   2 6410
   2 6401
   2 6393
   2 639
   2 6386
   2 6371
   2 6370
   2 6369
   2 6366
   2 6351
   2 635
   2 6344
   2 6334
   2 6330
   2 6324
   2 632
   2 6309
   2 6298
   2 6288
   2 6277
   2 6276
   2 6269
   2 6250
   2 624
   2 6232
   2 6225
   2 6216
   2 6206
   2 6191
   2 6189
   2 618
   2 6178
   2 6154
   2 6145
   2 6144
   2 6143
   2 6140
   2 6139
   2 6117
   2 6107
   2 610
   2 606
   2 6059
   2 6052
   2 6049
   2 6038
   2 6028
   2 6002
   2 5998
   2 5991
   2 5984
   2 5980
   2 5977
   2 5970
   2 596
   2 5947
   2 5944
   2 5936
   2 5932
   2 5927
   2 5899
   2 5891
   2 5885
   2 5871
   2 5864
   2 5848
   2 5841
   2 5814
   2 5813
   2 5810
   2 5809
   2 5794
   2 5785
   2 578
   2 5775
   2 5765
   2 5763
   2 5744
   2 5684
   2 5679
   2 5672
   2 5671
   2 5670
   2 5631
   2 5626
   2 5622
   2 5621
   2 5602
   2 5592
   2 559
   2 5587
   2 5585
   2 5578
   2 5577
   2 5564
   2 5559
   2 5557
   2 5545
   2 5521
   2 5490
   2 5488
   2 548
   2 5452
   2 5443
   2 5428
   2 5422
   2 5420
   2 542
   2 5415
   2 5413
   2 5412
   2 5411
   2 5398
   2 539
   2 5363
   2 5354
   2 5351
   2 5336
   2 5335
   2 5329
   2 5320
   2 5306
   2 5304
   2 5294
   2 529
   2 5279
   2 5278
   2 5274
   2 5266
   2 5254
   2 5241
   2 5227
   2 5218
   2 520
   2 5199
   2 5188
   2 5169
   2 5156
   2 5138
   2 5129
   2 5112
   2 511
   2 5109
   2 5104
   2 510
   2 5091
   2 5076
   2 507
   2 5064
   2 5061
   2 5060
   2 5059
   2 5054
   2 5017
   2 4997
   2 4991
   2 4959
   2 4957
   2 4948
   2 4943
   2 4926
   2 4924
   2 4890
   2 489
   2 4881
   2 488
   2 4865
   2 4862
   2 486
   2 4847
   2 482
   2 4818
   2 4811
   2 4797
   2 4794
   2 4790
   2 4787
   2 4786
   2 4780
   2 4764
   2 4760
   2 4752
   2 4738
   2 4709
   2 4701
   2 4687
   2 466
   2 4657
   2 464
   2 4633
   2 4630
   2 4627
   2 4598
   2 4580
   2 4579
   2 4578
   2 4572
   2 4570
   2 4567
   2 4555
   2 455
   2 4544
   2 4534
   2 4530
   2 4526
   2 4523
   2 4515
   2 4504
   2 4499
   2 4491
   2 4490
   2 4488
   2 4481
   2 447
   2 4464
   2 4448
   2 4440
   2 4435
   2 4434
   2 4416
   2 4414
   2 4400
   2 4370
   2 4364
   2 4362
   2 436
   2 4350
   2 4337
   2 4303
   2 4299
   2 429
   2 4286
   2 4274
   2 4266
   2 4259
   2 4258
   2 4246
   2 4226
   2 4220
   2 4218
   2 4215
   2 4214
   2 4209
   2 4194
   2 418
   2 4170
   2 4162
   2 4161
   2 4157
   2 4140
   2 4132
   2 4102
   2 4096
   2 4075
   2 4052
   2 4036
   2 4035
   2 4020
   2 4006
   2 4001
   2 3994
   2 3993
   2 3986
   2 3979
   2 3952
   2 3944
   2 3933
   2 3932
   2 3923
   2 3922
   2 3917
   2 3914
   2 391
   2 3906
   2 389
   2 3876
   2 3861
   2 386
   2 385
   2 3843
   2 3834
   2 3832
   2 3830
   2 382
   2 3817
   2 3814
   2 381
   2 38
   2 3783
   2 3775
   2 3774
   2 3773
   2 3767
   2 3763
   2 376
   2 3737
   2 3726
   2 3724
   2 3718
   2 3697
   2 3693
   2 3682
   2 3660
   2 366
   2 3637
   2 3633
   2 3620
   2 3581
   2 3571
   2 3560
   2 3558
   2 3545
   2 3543
   2 3528
   2 3514
   2 3500
   2 3482
   2 3480
   2 3453
   2 3448
   2 3439
   2 3438
   2 3436
   2 3431
   2 341
   2 3405
   2 3401
   2 339
   2 3388
   2 3369
   2 3367
   2 3351
   2 3320
   2 3314
   2 3305
   2 329
   2 3273
   2 3244
   2 3220
   2 3218
   2 3210
   2 3205
   2 32
   2 3195
   2 3169
   2 3168
   2 3167
   2 3161
   2 3157
   2 3156
   2 3152
   2 3141
   2 314
   2 3135
   2 3134
   2 3120
   2 311
   2 3104
   2 309
   2 3088
   2 3081
   2 308
   2 3044
   2 301
   2 3008
   2 3004
   2 3002
   2 3000
   2 30
   2 2971
   2 2968
   2 2961
   2 2959
   2 2955
   2 295
   2 2943
   2 2941
   2 2923
   2 2920
   2 2909
   2 2907
   2 2898
   2 2894
   2 2890
   2 2876
   2 2873
   2 2868
   2 2866
   2 2865
   2 285
   2 2843
   2 2841
   2 2809
   2 2774
   2 277
   2 2761
   2 2752
   2 2740
   2 2716
   2 2700
   2 2687
   2 2678
   2 2659
   2 2649
   2 2633
   2 2621
   2 2619
   2 2617
   2 2608
   2 2591
   2 2590
   2 2579
   2 2571
   2 2569
   2 2545
   2 2544
   2 2534
   2 2528
   2 2527
   2 2524
   2 2510
   2 2488
   2 2478
   2 2472
   2 244
   2 2439
   2 2437
   2 2434
   2 2431
   2 2429
   2 2427
   2 2423
   2 2414
   2 2411
   2 2401
   2 240
   2 2398
   2 2387
   2 2383
   2 2375
   2 2371
   2 2363
   2 2362
   2 2350
   2 235
   2 2347
   2 2337
   2 2321
   2 2316
   2 2312
   2 2310
   2 2295
   2 2264
   2 2255
   2 2238
   2 2231
   2 2230
   2 2222
   2 2211
   2 2207
   2 2205
   2 2193
   2 2172
   2 2162
   2 2157
   2 2142
   2 2132
   2 2128
   2 211
   2 2094
   2 209
   2 2074
   2 2070
   2 2060
   2 2058
   2 2048
   2 2046
   2 2034
   2 2026
   2 2021
   2 2019
   2 2003
   2 1995
   2 1991
   2 1990
   2 198
   2 1973
   2 1967
   2 1950
   2 1939
   2 1936
   2 1935
   2 1901
   2 1892
   2 1873
   2 1868
   2 1855
   2 1852
   2 1848
   2 1844
   2 1836
   2 1830
   2 1822
   2 1815
   2 1812
   2 1807
   2 1797
   2 1795
   2 1790
   2 1783
   2 1773
   2 1747
   2 1746
   2 1731
   2 172
   2 1715
   2 1710
   2 1708
   2 1680
   2 1678
   2 1668
   2 1656
   2 1630
   2 1625
   2 1623
   2 1618
   2 1601
   2 1577
   2 1575
   2 1570
   2 1561
   2 1556
   2 1545
   2 1524
   2 1521
   2 1519
   2 1498
   2 14949
   2 14942
   2 14932
   2 14901
   2 14898
   2 14896
   2 14895
   2 1486
   2 14854
   2 14852
   2 14848
   2 14842
   2 14840
   2 14835
   2 14811
   2 14808
   2 14807
   2 14800
   2 14795
   2 14775
   2 14770
   2 14758
   2 14757
   2 1475
   2 1474
   2 14728
   2 14727
   2 14723
   2 14713
   2 14712
   2 14710
   2 14701
   2 1470
   2 14696
   2 14683
   2 1468
   2 14665
   2 14664
   2 14647
   2 14646
   2 14640
   2 14611
   2 14607
   2 146
   2 14586
   2 14582
   2 14575
   2 14571
   2 14568
   2 14550
   2 14545
   2 14534
   2 14533
   2 14523
   2 14520
   2 14504
   2 14501
   2 14500
   2 14489
   2 14484
   2 1448
   2 14467
   2 14462
   2 14461
   2 14451
   2 14437
   2 14436
   2 14434
   2 14421
   2 14416
   2 14412
   2 14398
   2 14384
   2 14376
   2 14360
   2 14350
   2 14337
   2 14333
   2 14327
   2 14305
   2 14304
   2 14293
   2 14278
   2 14258
   2 14254
   2 14211
   2 14210
   2 14186
   2 14169
   2 14160
   2 14154
   2 14151
   2 14140
   2 1414
   2 14131
   2 14122
   2 14115
   2 14102
   2 14069
   2 14067
   2 14064
   2 14060
   2 1405
   2 14048
   2 14045
   2 14020
   2 14019
   2 14001
   2 13994
   2 13993
   2 13990
   2 13981
   2 1397
   2 13968
   2 13967
   2 13944
   2 13941
   2 13928
   2 13921
   2 13919
   2 13918
   2 13902
   2 13895
   2 13878
   2 13866
   2 13862
   2 13859
   2 13833
   2 13821
   2 13819
   2 13811
   2 13807
   2 13803
   2 1380
   2 13796
   2 13793
   2 13789
   2 13772
   2 13769
   2 13753
   2 13749
   2 1373
   2 13721
   2 13708
   2 13703
   2 137
   2 13698
   2 13691
   2 13660
   2 13656
   2 13651
   2 13650
   2 13649
   2 13638
   2 13636
   2 13631
   2 13620
   2 1362
   2 13616
   2 13606
   2 13601
   2 13580
   2 13561
   2 13559
   2 13554
   2 13548
   2 13547
   2 1353
   2 13528
   2 13524
   2 13519
   2 13516
   2 13513
   2 13512
   2 13505
   2 13479
   2 13473
   2 1347
   2 13458
   2 1345
   2 13442
   2 13440
   2 13431
   2 13427
   2 13424
   2 13419
   2 13399
   2 13398
   2 13379
   2 13361
   2 13357
   2 13338
   2 13333
   2 13323
   2 13319
   2 13317
   2 13293
   2 13290
   2 13288
   2 13282
   2 13279
   2 13278
   2 13275
   2 13272
   2 13269
   2 13263
   2 13250
   2 13245
   2 13223
   2 1322
   2 1320
   2 13196
   2 13185
   2 13177
   2 13175
   2 13164
   2 13154
   2 13139
   2 1313
   2 13125
   2 13111
   2 13103
   2 13100
   2 13098
   2 13077
   2 13064
   2 13051
   2 13048
   2 13043
   2 13042
   2 13032
   2 13025
   2 13014
   2 130
   2 12993
   2 12990
   2 12985
   2 12982
   2 12976
   2 12973
   2 12946
   2 12935
   2 12934
   2 12924
   2 12921
   2 12913
   2 12911
   2 12877
   2 12869
   2 12862
   2 12837
   2 12836
   2 12828
   2 12819
   2 12816
   2 12811
   2 12810
   2 1281
   2 12784
   2 12760
   2 12731
   2 12720
   2 12714
   2 1271
   2 12702
   2 12690
   2 12689
   2 12686
   2 12683
   2 12682
   2 12677
   2 12658
   2 12650
   2 12638
   2 12636
   2 12629
   2 12626
   2 12592
   2 12586
   2 12576
   2 12563
   2 12549
   2 12528
   2 12520
   2 12518
   2 12515
   2 12508
   2 12483
   2 12482
   2 12479
   2 12466
   2 12463
   2 12462
   2 12422
   2 12420
   2 12418
   2 12412
   2 12398
   2 12374
   2 12364
   2 12363
   2 12362
   2 12357
   2 12356
   2 12354
   2 12351
   2 12334
   2 12330
   2 12317
   2 12313
   2 12307
   2 12281
   2 12280
   2 12263
   2 12242
   2 12231
   2 1223
   2 12227
   2 12218
   2 12198
   2 12189
   2 12168
   2 12157
   2 12147
   2 12145
   2 12130
   2 12120
   2 12111
   2 12089
   2 12076
   2 12072
   2 12065
   2 12055
   2 12043
   2 12038
   2 12030
   2 12025
   2 12014
   2 12013
   2 12012
   2 1201
   2 12007
   2 11993
   2 11987
   2 11986
   2 11985
   2 11944
   2 11938
   2 11936
   2 11932
   2 11927
   2 1190
   2 11893
   2 11891
   2 11885
   2 11877
   2 11876
   2 11865
   2 11861
   2 11847
   2 11844
   2 11838
   2 11832
   2 11830
   2 11807
   2 11804
   2 11775
   2 11763
   2 11760
   2 11744
   2 11743
   2 11734
   2 11728
   2 11727
   2 11722
   2 11714
   2 11711
   2 11697
   2 11690
   2 11683
   2 11682
   2 11671
   2 11660
   2 11644
   2 11635
   2 11609
   2 11605
   2 11601
   2 11585
   2 11580
   2 11557
   2 11551
   2 11545
   2 11539
   2 11530
   2 11517
   2 11510
   2 11506
   2 115
   2 11487
   2 11462
   2 11458
   2 11444
   2 11433
   2 11375
   2 11369
   2 11355
   2 11352
   2 1135
   2 11329
   2 11323
   2 11314
   2 11313
   2 11278
   2 11247
   2 11246
   2 1123
   2 11227
   2 11197
   2 11182
   2 11179
   2 11164
   2 11162
   2 11152
   2 11130
   2 1108
   2 11075
   2 11070
   2 11054
   2 1105
   2 11043
   2 11018
   2 11013
   2 10994
   2 10988
   2 10987
   2 1098
   2 10975
   2 10966
   2 1096
   2 10946
   2 10933
   2 10931
   2 1093
   2 10924
   2 1092
   2 10919
   2 10913
   2 10906
   2 10899
   2 10895
   2 10886
   2 10874
   2 10866
   2 10865
   2 1086
   2 10858
   2 10843
   2 10834
   2 10799
   2 10788
   2 10761
   2 1075
   2 10732
   2 10727
   2 10704
   2 1070
   2 10698
   2 10695
   2 10689
   2 10686
   2 10681
   2 10673
   2 10646
   2 10636
   2 10634
   2 10620
   2 10586
   2 10576
   2 10558
   2 10551
   2 10530
   2 10517
   2 10500
   2 10490
   2 10486
   2 10484
   2 10483
   2 10465
   2 10456
   2 10452
   2 10442
   2 10430
   2 10406
   2 10397
   2 10379
   2 10365
   2 1036
   2 10355
   2 10314
   2 10284
   2 10280
   2 10265
   2 10258
   2 10230
   2 10213
   2 10206
   2 10177
   2 1017
   2 10162
   2 10156
   2 10149
   2 10145
   2 10142
   2 10135
   2 10133
   2 10128
   2 10121
   2 10115
   2 10114
   2 10100
   2 1010
   2 10099
   2 10096
   2 10089
   2 10087
   2 1008
   2 1007
   2 1006
   2 10049
   2 10034
   2 10029
   2 1002
   2 10017
   2 1001
   2 10009
   1 9996
   1 9993
   1 9974
   1 9971
   1 9970
   1 9969
   1 9968
   1 9958
   1 9957
   1 9953
   1 9950
   1 9942
   1 9940
   1 9927
   1 9924
   1 9923
   1 9920
   1 9919
   1 9904
   1 9902
   1 990
   1 9893
   1 989
   1 9887
   1 9882
   1 9877
   1 9876
   1 9871
   1 9870
   1 9869
   1 9866
   1 9860
   1 9858
   1 9847
   1 9839
   1 9830
   1 9820
   1 9818
   1 9812
   1 9810
   1 9809
   1 9805
   1 9800
   1 98
   1 9799
   1 9798
   1 9794
   1 9790
   1 979
   1 9782
   1 9781
   1 9775
   1 9772
   1 9769
   1 9766
   1 9764
   1 9762
   1 975
   1 9747
   1 9746
   1 9731
   1 9727
   1 9726
   1 9724
   1 9716
   1 9713
   1 971
   1 9697
   1 9688
   1 9684
   1 9681
   1 9677
   1 967
   1 9667
   1 9663
   1 9660
   1 9654
   1 9651
   1 9649
   1 9644
   1 9643
   1 964
   1 9639
   1 9624
   1 9622
   1 9621
   1 962
   1 9619
   1 9617
   1 9615
   1 9607
   1 9603
   1 9597
   1 9592
   1 9586
   1 9585
   1 9584
   1 9583
   1 9580
   1 9575
   1 9566
   1 9561
   1 9560
   1 9553
   1 955
   1 9536
   1 9533
   1 9532
   1 9529
   1 9527
   1 9515
   1 9512
   1 9509
   1 9507
   1 9499
   1 9498
   1 9481
   1 9475
   1 9470
   1 9460
   1 9453
   1 9445
   1 9431
   1 9428
   1 9427
   1 9423
   1 9420
   1 9419
   1 9416
   1 9414
   1 9403
   1 9402
   1 9395
   1 9394
   1 9385
   1 9384
   1 9368
   1 9366
   1 9362
   1 9361
   1 9357
   1 9354
   1 935
   1 9344
   1 9335
   1 932
   1 9314
   1 931
   1 9305
   1 9302
   1 9299
   1 9292
   1 9284
   1 9283
   1 9282
   1 9281
   1 928
   1 9276
   1 9274
   1 9270
   1 9267
   1 9264
   1 9262
   1 9260
   1 926
   1 9248
   1 9233
   1 9226
   1 9220
   1 9217
   1 9214
   1 9211
   1 9203
   1 9199
   1 9197
   1 9195
   1 9190
   1 9187
   1 9185
   1 9177
   1 9172
   1 9163
   1 9154
   1 9152
   1 9146
   1 9145
   1 914
   1 9130
   1 913
   1 9128
   1 9126
   1 9124
   1 9122
   1 9118
   1 9117
   1 9116
   1 9114
   1 9110
   1 9105
   1 9103
   1 9102
   1 9099
   1 9088
   1 9084
   1 9077
   1 907
   1 9069
   1 9066
   1 9065
   1 9058
   1 9054
   1 9052
   1 9040
   1 9039
   1 9032
   1 9028
   1 9026
   1 9023
   1 9004
   1 900
   1 8995
   1 8992
   1 8984
   1 8982
   1 8979
   1 8974
   1 8971
   1 8969
   1 8965
   1 8957
   1 8955
   1 8952
   1 8945
   1 8944
   1 8941
   1 8938
   1 8935
   1 8930
   1 893
   1 8929
   1 8926
   1 8925
   1 8921
   1 8919
   1 8909
   1 8908
   1 8903
   1 890
   1 89
   1 8897
   1 8883
   1 8879
   1 8865
   1 8863
   1 8856
   1 8854
   1 8853
   1 8852
   1 8850
   1 8849
   1 8842
   1 8841
   1 8840
   1 8838
   1 8829
   1 8823
   1 8821
   1 882
   1 8818
   1 8817
   1 8801
   1 8800
   1 88
   1 8798
   1 8792
   1 879
   1 8789
   1 8786
   1 8775
   1 8768
   1 8767
   1 8766
   1 8759
   1 8750
   1 8745
   1 8743
   1 874
   1 8738
   1 8731
   1 8730
   1 871
   1 8707
   1 8705
   1 8703
   1 8699
   1 8686
   1 8671
   1 8667
   1 8666
   1 8665
   1 8664
   1 8663
   1 866
   1 8659
   1 8658
   1 8651
   1 8642
   1 8631
   1 8628
   1 8625
   1 8623
   1 8622
   1 8621
   1 8605
   1 8602
   1 8596
   1 8595
   1 8593
   1 8590
   1 8580
   1 858
   1 8579
   1 8577
   1 8576
   1 8574
   1 8571
   1 8568
   1 8560
   1 8559
   1 8558
   1 8552
   1 8541
   1 854
   1 8535
   1 8531
   1 8530
   1 8527
   1 8525
   1 8516
   1 8510
   1 8509
   1 8506
   1 8503
   1 8500
   1 8499
   1 8494
   1 8491
   1 8482
   1 8481
   1 8480
   1 8478
   1 8471
   1 8469
   1 8467
   1 8464
   1 8462
   1 8455
   1 8449
   1 8447
   1 8443
   1 8431
   1 843
   1 8427
   1 8418
   1 8415
   1 841
   1 8407
   1 8405
   1 8404
   1 8403
   1 8401
   1 84
   1 8399
   1 8394
   1 8393
   1 8391
   1 8388
   1 8382
   1 8379
   1 8377
   1 8374
   1 8372
   1 837
   1 8367
   1 8362
   1 8360
   1 8357
   1 8353
   1 8352
   1 8349
   1 8342
   1 8339
   1 8335
   1 8327
   1 8325
   1 8322
   1 8316
   1 831
   1 8308
   1 8307
   1 8305
   1 8301
   1 8299
   1 8298
   1 8295
   1 8288
   1 8284
   1 8282
   1 8281
   1 8277
   1 8270
   1 8265
   1 8261
   1 8256
   1 8254
   1 8248
   1 8245
   1 8244
   1 8235
   1 8233
   1 8232
   1 8231
   1 8230
   1 8223
   1 8221
   1 8213
   1 8202
   1 8200
   1 8199
   1 8198
   1 8197
   1 8195
   1 8192
   1 8186
   1 8179
   1 8178
   1 8170
   1 8167
   1 8157
   1 8155
   1 8152
   1 8148
   1 8146
   1 8136
   1 8134
   1 8128
   1 8125
   1 8124
   1 8121
   1 8113
   1 8110
   1 8108
   1 8107
   1 8099
   1 809
   1 8079
   1 8076
   1 8073
   1 807
   1 806
   1 8053
   1 8051
   1 8046
   1 804
   1 8039
   1 8038
   1 8033
   1 8023
   1 8020
   1 8018
   1 8017
   1 8004
   1 7991
   1 7984
   1 7983
   1 798
   1 7978
   1 7973
   1 797
   1 7969
   1 7957
   1 7956
   1 7950
   1 7948
   1 7940
   1 7933
   1 7931
   1 7929
   1 7927
   1 7926
   1 7910
   1 7895
   1 7891
   1 789
   1 7889
   1 7880
   1 7876
   1 7871
   1 7860
   1 7853
   1 7851
   1 7842
   1 7839
   1 7838
   1 7833
   1 7830
   1 7825
   1 7824
   1 7821
   1 7814
   1 7812
   1 7807
   1 7800
   1 7797
   1 7784
   1 7775
   1 7768
   1 7767
   1 7762
   1 7759
   1 7753
   1 7749
   1 7743
   1 7736
   1 7735
   1 7734
   1 773
   1 7719
   1 7716
   1 7711
   1 7710
   1 7709
   1 7704
   1 7695
   1 7686
   1 7675
   1 7674
   1 7662
   1 7655
   1 7652
   1 7649
   1 7639
   1 7633
   1 7630
   1 763
   1 7622
   1 7618
   1 7611
   1 7607
   1 7602
   1 760
   1 7594
   1 7589
   1 7585
   1 7581
   1 7577
   1 757
   1 7568
   1 7566
   1 7557
   1 755
   1 7535
   1 7534
   1 7533
   1 752
   1 7515
   1 7512
   1 7511
   1 750
   1 7493
   1 7491
   1 7483
   1 7481
   1 748
   1 7478
   1 7477
   1 7475
   1 7474
   1 7470
   1 7456
   1 745
   1 7449
   1 7448
   1 7440
   1 7428
   1 7425
   1 7424
   1 7421
   1 7410
   1 741
   1 7401
   1 7398
   1 7397
   1 7393
   1 7391
   1 739
   1 7389
   1 7380
   1 738
   1 7379
   1 7376
   1 7371
   1 7369
   1 7366
   1 7365
   1 7361
   1 7352
   1 7351
   1 7345
   1 7335
   1 7333
   1 733
   1 7327
   1 7326
   1 7321
   1 7318
   1 7311
   1 731
   1 7296
   1 7295
   1 7293
   1 7292
   1 7277
   1 7276
   1 7275
   1 7253
   1 7250
   1 7249
   1 7248
   1 7245
   1 7243
   1 7240
   1 7236
   1 7234
   1 721
   1 7209
   1 7207
   1 7200
   1 7194
   1 7192
   1 7189
   1 7188
   1 7184
   1 7181
   1 7175
   1 7170
   1 717
   1 7169
   1 7168
   1 7166
   1 7160
   1 7158
   1 7157
   1 7150
   1 7146
   1 7145
   1 7142
   1 7139
   1 7137
   1 7123
   1 7120
   1 7117
   1 7112
   1 711
   1 7108
   1 7106
   1 710
   1 7099
   1 7093
   1 7089
   1 7080
   1 7071
   1 7070
   1 7067
   1 7064
   1 706
   1 705
   1 7047
   1 7033
   1 7028
   1 7026
   1 7020
   1 7014
   1 7012
   1 7011
   1 7007
   1 7006
   1 7003
   1 6998
   1 6995
   1 6992
   1 6990
   1 699
   1 6988
   1 6985
   1 6983
   1 6980
   1 6977
   1 6976
   1 6975
   1 6972
   1 6970
   1 6954
   1 6951
   1 6950
   1 695
   1 6944
   1 6941
   1 6929
   1 6928
   1 6925
   1 6921
   1 6920
   1 692
   1 6915
   1 6913
   1 6905
   1 6902
   1 690
   1 6897
   1 6896
   1 6890
   1 6889
   1 6887
   1 6883
   1 688
   1 6878
   1 6863
   1 6861
   1 686
   1 6855
   1 6848
   1 6843
   1 6835
   1 6832
   1 6826
   1 6814
   1 6810
   1 6807
   1 6806
   1 6801
   1 6800
   1 68
   1 6796
   1 6794
   1 6792
   1 6791
   1 679
   1 6784
   1 6781
   1 6777
   1 6776
   1 6775
   1 677
   1 6767
   1 6759
   1 6758
   1 6753
   1 6752
   1 6746
   1 6744
   1 6733
   1 6732
   1 672
   1 6709
   1 6707
   1 670
   1 6695
   1 6687
   1 6677
   1 6674
   1 6667
   1 6664
   1 6663
   1 6656
   1 665
   1 6644
   1 6641
   1 6637
   1 6636
   1 6635
   1 6634
   1 6632
   1 6626
   1 6619
   1 6616
   1 6614
   1 6612
   1 6610
   1 6600
   1 6598
   1 6592
   1 6591
   1 6584
   1 6583
   1 6579
   1 6572
   1 6568
   1 6557
   1 6555
   1 6553
   1 6552
   1 6549
   1 6548
   1 6545
   1 6543
   1 6540
   1 6532
   1 653
   1 6526
   1 6524
   1 6522
   1 6520
   1 6509
   1 6502
   1 6500
   1 6492
   1 6488
   1 6479
   1 6463
   1 6462
   1 6459
   1 6453
   1 6452
   1 6451
   1 6442
   1 644
   1 6436
   1 6428
   1 6427
   1 6425
   1 6423
   1 6420
   1 6419
   1 6417
   1 6415
   1 6413
   1 6406
   1 6404
   1 6395
   1 6391
   1 6388
   1 6383
   1 6382
   1 638
   1 6378
   1 6368
   1 6362
   1 6361
   1 6358
   1 6352
   1 6343
   1 634
   1 6333
   1 631
   1 6307
   1 6297
   1 6294
   1 629
   1 6284
   1 6282
   1 6273
   1 6268
   1 6263
   1 6259
   1 6255
   1 625
   1 6249
   1 6244
   1 6239
   1 6236
   1 6233
   1 6230
   1 6218
   1 6217
   1 6215
   1 6214
   1 6211
   1 6209
   1 6208
   1 6207
   1 6200
   1 62
   1 6193
   1 6190
   1 6179
   1 6177
   1 6175
   1 6170
   1 6167
   1 6164
   1 616
   1 6153
   1 6151
   1 6148
   1 6142
   1 6141
   1 6138
   1 6136
   1 6124
   1 6123
   1 6122
   1 6121
   1 6115
   1 6112
   1 6111
   1 6102
   1 61
   1 6094
   1 6089
   1 6087
   1 6082
   1 6073
   1 6071
   1 6068
   1 6065
   1 6058
   1 6048
   1 6046
   1 6042
   1 6035
   1 6034
   1 6033
   1 6031
   1 602
   1 6013
   1 6011
   1 6010
   1 6009
   1 6003
   1 6001
   1 600
   1 5999
   1 5996
   1 5990
   1 5985
   1 598
   1 5973
   1 5969
   1 5967
   1 5963
   1 5959
   1 5953
   1 595
   1 5942
   1 5940
   1 5929
   1 5928
   1 5923
   1 5920
   1 592
   1 5918
   1 5914
   1 5913
   1 591
   1 5907
   1 59
   1 5898
   1 5895
   1 5888
   1 5884
   1 5882
   1 5876
   1 5872
   1 5863
   1 5862
   1 5858
   1 5857
   1 5855
   1 5853
   1 5847
   1 5842
   1 5836
   1 5833
   1 5830
   1 5829
   1 5827
   1 5825
   1 5821
   1 5820
   1 5811
   1 581
   1 5806
   1 5801
   1 5797
   1 579
   1 5789
   1 5786
   1 5782
   1 5780
   1 5772
   1 577
   1 5767
   1 5761
   1 5746
   1 5742
   1 5731
   1 5730
   1 5726
   1 5723
   1 572
   1 5719
   1 5718
   1 5717
   1 5716
   1 5715
   1 5703
   1 5696
   1 5692
   1 5691
   1 5690
   1 5689
   1 5688
   1 5683
   1 5680
   1 568
   1 5678
   1 5675
   1 5664
   1 5660
   1 566
   1 5659
   1 5657
   1 5656
   1 5652
   1 5648
   1 5646
   1 5642
   1 5641
   1 5639
   1 5635
   1 5624
   1 5619
   1 561
   1 5604
   1 5603
   1 5600
   1 5597
   1 5594
   1 5589
   1 5583
   1 5572
   1 5565
   1 5563
   1 5560
   1 5555
   1 5552
   1 5549
   1 5541
   1 5540
   1 5539
   1 5533
   1 5532
   1 5531
   1 5520
   1 552
   1 5519
   1 5518
   1 5516
   1 5510
   1 5500
   1 55
   1 5499
   1 5496
   1 549
   1 5483
   1 5477
   1 5476
   1 5464
   1 5462
   1 5458
   1 5457
   1 5455
   1 5453
   1 545
   1 5448
   1 5446
   1 5441
   1 5440
   1 5438
   1 5435
   1 5433
   1 5430
   1 5429
   1 5417
   1 5408
   1 5407
   1 5396
   1 5390
   1 5387
   1 5382
   1 5381
   1 5372
   1 536
   1 5359
   1 5357
   1 5355
   1 5346
   1 5345
   1 5342
   1 5325
   1 5323
   1 5321
   1 5316
   1 5315
   1 5311
   1 5308
   1 53
   1 5297
   1 5292
   1 5290
   1 5289
   1 5286
   1 5285
   1 5280
   1 5271
   1 5270
   1 5269
   1 5264
   1 5260
   1 5257
   1 5256
   1 5252
   1 5251
   1 5247
   1 5236
   1 5233
   1 5230
   1 5228
   1 5224
   1 5222
   1 5221
   1 5212
   1 5205
   1 5197
   1 5193
   1 5187
   1 5184
   1 5183
   1 5176
   1 5173
   1 5170
   1 5165
   1 5162
   1 5161
   1 516
   1 5148
   1 5141
   1 5137
   1 5134
   1 5124
   1 5121
   1 5118
   1 5117
   1 5116
   1 5115
   1 5111
   1 5096
   1 5084
   1 5083
   1 5080
   1 5077
   1 5066
   1 5065
   1 5062
   1 5057
   1 5051
   1 5050
   1 5041
   1 5037
   1 5035
   1 5032
   1 5025
   1 502
   1 5006
   1 5003
   1 5001
   1 4994
   1 4990
   1 4989
   1 4986
   1 4978
   1 4970
   1 4969
   1 4966
   1 4964
   1 4963
   1 4944
   1 4940
   1 4932
   1 493
   1 4920
   1 4913
   1 4907
   1 4906
   1 4904
   1 4903
   1 4899
   1 4891
   1 4887
   1 4883
   1 4880
   1 4876
   1 4868
   1 4864
   1 4858
   1 4849
   1 4848
   1 4844
   1 4843
   1 4838
   1 4831
   1 4826
   1 4825
   1 4824
   1 4819
   1 4812
   1 4804
   1 4801
   1 479
   1 4784
   1 4783
   1 4768
   1 4763
   1 4761
   1 4759
   1 4758
   1 4754
   1 4749
   1 4746
   1 4742
   1 4741
   1 4736
   1 4732
   1 473
   1 4725
   1 4722
   1 472
   1 4713
   1 4711
   1 4696
   1 4693
   1 4690
   1 4689
   1 4680
   1 4677
   1 4673
   1 4667
   1 4666
   1 4662
   1 4661
   1 4655
   1 4653
   1 4641
   1 4640
   1 4636
   1 4635
   1 4629
   1 4628
   1 4623
   1 462
   1 4619
   1 4618
   1 4615
   1 4612
   1 4610
   1 4607
   1 4602
   1 460
   1 4599
   1 459
   1 4577
   1 4576
   1 4575
   1 4571
   1 4568
   1 4566
   1 4560
   1 4559
   1 4550
   1 4549
   1 4541
   1 4535
   1 4533
   1 4527
   1 4524
   1 4516
   1 451
   1 4503
   1 4502
   1 4496
   1 4494
   1 4486
   1 4483
   1 448
   1 4478
   1 4471
   1 4462
   1 4459
   1 4452
   1 445
   1 4445
   1 4433
   1 4429
   1 4424
   1 4419
   1 4417
   1 4410
   1 4402
   1 44
   1 4397
   1 4396
   1 4391
   1 4380
   1 4374
   1 4367
   1 4366
   1 4363
   1 4361
   1 4360
   1 4359
   1 4358
   1 4354
   1 4348
   1 4339
   1 4338
   1 4332
   1 433
   1 4326
   1 4325
   1 4322
   1 4317
   1 4305
   1 4301
   1 4298
   1 4297
   1 4295
   1 4292
   1 4288
   1 4281
   1 4280
   1 4278
   1 4277
   1 4270
   1 4261
   1 4252
   1 425
   1 4243
   1 424
   1 4237
   1 4236
   1 4231
   1 423
   1 4228
   1 4208
   1 4207
   1 4204
   1 4203
   1 420
   1 4199
   1 4197
   1 4193
   1 4187
   1 4180
   1 4178
   1 4176
   1 4174
   1 4171
   1 4166
   1 416
   1 4159
   1 4155
   1 4150
   1 4145
   1 4143
   1 4142
   1 4138
   1 4137
   1 413
   1 4128
   1 4123
   1 4116
   1 4113
   1 411
   1 41
   1 4090
   1 4088
   1 4077
   1 4071
   1 4068
   1 4065
   1 4063
   1 4061
   1 4059
   1 4057
   1 4049
   1 4044
   1 4042
   1 4040
   1 404
   1 4032
   1 4030
   1 4022
   1 4021
   1 4012
   1 4008
   1 4005
   1 40
   1 3998
   1 3992
   1 3990
   1 3989
   1 3988
   1 3974
   1 3971
   1 3969
   1 3955
   1 3954
   1 3949
   1 3948
   1 3946
   1 3935
   1 3934
   1 3931
   1 3928
   1 3927
   1 3920
   1 3918
   1 3916
   1 3910
   1 3908
   1 3905
   1 3904
   1 3897
   1 3895
   1 3893
   1 3891
   1 3889
   1 3886
   1 3883
   1 3875
   1 3873
   1 3870
   1 387
   1 3858
   1 3857
   1 3851
   1 3847
   1 3842
   1 3833
   1 3831
   1 3828
   1 3826
   1 3824
   1 3816
   1 3811
   1 3810
   1 3809
   1 3802
   1 3800
   1 3796
   1 3794
   1 3793
   1 3792
   1 3790
   1 3782
   1 3777
   1 3771
   1 3770
   1 377
   1 3761
   1 3753
   1 3751
   1 375
   1 3743
   1 3738
   1 373
   1 3727
   1 3723
   1 3716
   1 3714
   1 3712
   1 3710
   1 371
   1 3709
   1 3708
   1 3706
   1 3703
   1 3701
   1 3700
   1 37
   1 3696
   1 3694
   1 3689
   1 3686
   1 3680
   1 3678
   1 3677
   1 3673
   1 3671
   1 3666
   1 3664
   1 3663
   1 3661
   1 3659
   1 3657
   1 3652
   1 3651
   1 3650
   1 3648
   1 3641
   1 3640
   1 3631
   1 3617
   1 3615
   1 3613
   1 3610
   1 36
   1 3594
   1 3593
   1 3592
   1 3588
   1 3580
   1 358
   1 3578
   1 3570
   1 3566
   1 3564
   1 356
   1 3559
   1 3557
   1 3554
   1 3549
   1 3542
   1 3540
   1 3535
   1 3531
   1 3526
   1 3523
   1 3522
   1 3519
   1 3512
   1 3509
   1 3507
   1 3505
   1 3502
   1 3498
   1 3494
   1 3489
   1 3488
   1 3487
   1 3485
   1 3476
   1 3475
   1 3474
   1 3470
   1 3468
   1 3467
   1 3460
   1 3459
   1 3456
   1 3454
   1 3443
   1 3434
   1 3430
   1 3428
   1 3423
   1 3403
   1 3381
   1 3377
   1 3371
   1 3366
   1 3355
   1 3345
   1 3343
   1 3335
   1 3333
   1 3328
   1 3325
   1 3317
   1 3315
   1 3313
   1 3311
   1 3304
   1 3300
   1 330
   1 3295
   1 3291
   1 3284
   1 3280
   1 3279
   1 3276
   1 3270
   1 327
   1 3269
   1 3266
   1 3257
   1 3255
   1 3253
   1 3248
   1 3241
   1 324
   1 3233
   1 323
   1 3226
   1 3223
   1 3217
   1 3215
   1 3206
   1 3203
   1 320
   1 3199
   1 3191
   1 319
   1 3187
   1 3183
   1 3181
   1 3180
   1 3177
   1 3170
   1 3159
   1 3150
   1 3149
   1 3144
   1 3143
   1 3136
   1 3131
   1 3128
   1 3116
   1 3115
   1 3108
   1 3107
   1 3106
   1 3105
   1 3101
   1 3098
   1 3093
   1 3092
   1 3091
   1 3083
   1 3082
   1 3075
   1 307
   1 3069
   1 3067
   1 3064
   1 3061
   1 3060
   1 3052
   1 305
   1 3049
   1 3048
   1 3042
   1 3036
   1 3032
   1 3030
   1 3029
   1 3028
   1 3027
   1 3026
   1 3025
   1 3024
   1 3017
   1 3006
   1 3001
   1 2993
   1 2992
   1 299
   1 2981
   1 2974
   1 2973
   1 2970
   1 2969
   1 2962
   1 2953
   1 2950
   1 2946
   1 2939
   1 2932
   1 2926
   1 2924
   1 2921
   1 2917
   1 2916
   1 2913
   1 2910
   1 2905
   1 2896
   1 2891
   1 289
   1 2888
   1 2884
   1 2880
   1 2877
   1 287
   1 2864
   1 2863
   1 2862
   1 2849
   1 2839
   1 2834
   1 2832
   1 2831
   1 283
   1 2826
   1 2824
   1 2819
   1 2817
   1 2816
   1 281
   1 2806
   1 2801
   1 2796
   1 2793
   1 2791
   1 2790
   1 2787
   1 2778
   1 2772
   1 2767
   1 2765
   1 2764
   1 2751
   1 275
   1 2749
   1 2742
   1 274
   1 2739
   1 2727
   1 2726
   1 2721
   1 2715
   1 271
   1 2709
   1 2707
   1 2702
   1 2696
   1 2694
   1 2681
   1 2679
   1 2670
   1 2657
   1 2654
   1 2647
   1 2643
   1 2637
   1 2632
   1 2622
   1 262
   1 2609
   1 2607
   1 2600
   1 2596
   1 2595
   1 2588
   1 2587
   1 2581
   1 2578
   1 2574
   1 2567
   1 2556
   1 2555
   1 255
   1 2548
   1 2543
   1 2541
   1 2540
   1 254
   1 2539
   1 2538
   1 2533
   1 2530
   1 2526
   1 252
   1 2518
   1 2516
   1 2508
   1 2501
   1 2500
   1 2492
   1 249
   1 2489
   1 2486
   1 2482
   1 2481
   1 2480
   1 248
   1 2475
   1 2471
   1 2468
   1 2465
   1 2460
   1 2458
   1 2453
   1 2442
   1 2432
   1 2430
   1 2424
   1 2415
   1 2410
   1 2403
   1 2400
   1 2396
   1 2390
   1 2382
   1 2381
   1 2378
   1 2377
   1 2373
   1 2372
   1 2370
   1 2369
   1 2367
   1 2361
   1 2359
   1 2353
   1 2343
   1 2342
   1 234
   1 2335
   1 2333
   1 2323
   1 232
   1 2309
   1 2303
   1 2300
   1 2294
   1 2292
   1 2289
   1 2283
   1 2274
   1 2271
   1 2270
   1 227
   1 2267
   1 2266
   1 2265
   1 2259
   1 2258
   1 2257
   1 2252
   1 2251
   1 224
   1 2234
   1 2227
   1 2226
   1 2225
   1 2223
   1 2219
   1 2217
   1 2210
   1 2206
   1 2201
   1 2197
   1 2194
   1 2190
   1 2189
   1 2184
   1 2174
   1 2171
   1 217
   1 2168
   1 2167
   1 2165
   1 2163
   1 2158
   1 2156
   1 2154
   1 215
   1 2148
   1 2146
   1 2139
   1 2134
   1 2133
   1 2127
   1 2118
   1 2117
   1 2116
   1 2113
   1 2108
   1 2107
   1 2104
   1 2099
   1 2089
   1 2078
   1 2077
   1 2075
   1 2071
   1 2068
   1 2059
   1 2057
   1 2056
   1 2055
   1 2047
   1 2043
   1 2035
   1 2032
   1 2031
   1 2022
   1 2020
   1 202
   1 2018
   1 2014
   1 2012
   1 2011
   1 2008
   1 2005
   1 2004
   1 2002
   1 1997
   1 1996
   1 1993
   1 1982
   1 1979
   1 1970
   1 1969
   1 1965
   1 1957
   1 1943
   1 1938
   1 1937
   1 1929
   1 1925
   1 1924
   1 1922
   1 1921
   1 1920
   1 1917
   1 1915
   1 1912
   1 1910
   1 1908
   1 1905
   1 1899
   1 1898
   1 1894
   1 1886
   1 1883
   1 1872
   1 1871
   1 1867
   1 1858
   1 1857
   1 1856
   1 1853
   1 1850
   1 185
   1 1846
   1 1845
   1 1843
   1 1840
   1 1827
   1 1823
   1 1821
   1 182
   1 1819
   1 1818
   1 1816
   1 1813
   1 1811
   1 1810
   1 1804
   1 1802
   1 180
   1 1787
   1 1781
   1 178
   1 1772
   1 1769
   1 1766
   1 1759
   1 1757
   1 1755
   1 1751
   1 175
   1 1748
   1 1743
   1 1741
   1 1733
   1 1729
   1 1728
   1 1723
   1 1721
   1 1719
   1 1717
   1 1712
   1 1706
   1 1703
   1 1701
   1 17
   1 1698
   1 1689
   1 1681
   1 1679
   1 1676
   1 1662
   1 1659
   1 1654
   1 1653
   1 1645
   1 1638
   1 1634
   1 1633
   1 1627
   1 1622
   1 1621
   1 1616
   1 1615
   1 1612
   1 160
   1 1599
   1 1596
   1 1593
   1 1592
   1 1590
   1 1588
   1 1583
   1 1571
   1 1569
   1 1568
   1 1567
   1 1566
   1 1558
   1 1557
   1 1555
   1 1552
   1 1551
   1 1547
   1 1544
   1 1540
   1 1539
   1 1534
   1 1525
   1 1518
   1 1512
   1 1511
   1 1509
   1 1505
   1 1499
   1 1497
   1 1495
   1 14947
   1 14945
   1 14943
   1 14925
   1 14919
   1 14910
   1 14909
   1 14894
   1 14890
   1 14884
   1 14883
   1 14879
   1 14875
   1 14859
   1 1485
   1 14836
   1 14834
   1 14831
   1 14830
   1 1483
   1 14829
   1 14823
   1 14821
   1 14818
   1 14814
   1 14813
   1 14809
   1 14802
   1 1480
   1 1479
   1 14781
   1 14780
   1 1478
   1 14778
   1 14777
   1 14774
   1 14765
   1 1476
   1 14747
   1 14736
   1 14733
   1 14731
   1 14724
   1 14718
   1 14714
   1 14707
   1 14700
   1 14697
   1 14694
   1 14689
   1 14687
   1 14685
   1 14682
   1 14681
   1 14679
   1 14668
   1 14656
   1 14649
   1 14645
   1 14643
   1 14642
   1 14636
   1 14633
   1 14631
   1 14630
   1 1463
   1 14626
   1 14622
   1 14603
   1 14601
   1 14592
   1 14590
   1 14573
   1 14572
   1 1457
   1 14564
   1 14560
   1 14558
   1 14556
   1 14549
   1 14548
   1 14547
   1 14542
   1 14541
   1 14539
   1 14538
   1 14535
   1 14532
   1 1453
   1 14528
   1 14513
   1 14509
   1 14505
   1 1450
   1 14499
   1 14498
   1 14492
   1 14491
   1 1449
   1 14488
   1 14487
   1 14486
   1 14485
   1 14468
   1 14466
   1 14460
   1 14458
   1 14453
   1 14448
   1 14446
   1 14435
   1 14431
   1 1443
   1 14426
   1 14425
   1 14415
   1 14399
   1 14395
   1 14387
   1 1438
   1 14379
   1 14378
   1 14375
   1 14370
   1 1436
   1 14357
   1 14345
   1 14343
   1 14340
   1 14334
   1 1433
   1 14325
   1 14324
   1 14317
   1 1431
   1 14307
   1 14300
   1 14299
   1 14297
   1 14296
   1 14290
   1 1429
   1 14288
   1 14287
   1 14285
   1 14284
   1 14283
   1 14281
   1 1428
   1 14275
   1 14269
   1 14267
   1 14266
   1 14265
   1 14255
   1 14252
   1 14250
   1 1425
   1 14246
   1 14244
   1 14237
   1 14231
   1 14229
   1 14219
   1 14204
   1 14200
   1 1420
   1 142
   1 14199
   1 14197
   1 14196
   1 14194
   1 14190
   1 14188
   1 14184
   1 14183
   1 14179
   1 14173
   1 14171
   1 1417
   1 14168
   1 14149
   1 14144
   1 14143
   1 14137
   1 1413
   1 14129
   1 14118
   1 14114
   1 14109
   1 14108
   1 14106
   1 14096
   1 14095
   1 14093
   1 14088
   1 14087
   1 14086
   1 14083
   1 14082
   1 1408
   1 14079
   1 14075
   1 14074
   1 14072
   1 14070
   1 1407
   1 14065
   1 14063
   1 1406
   1 14057
   1 14049
   1 14047
   1 14046
   1 14043
   1 14040
   1 14039
   1 14033
   1 14028
   1 14022
   1 1402
   1 14018
   1 14017
   1 14009
   1 14007
   1 14004
   1 14003
   1 13992
   1 13976
   1 13971
   1 13964
   1 13960
   1 1396
   1 13958
   1 13952
   1 13950
   1 1395
   1 13940
   1 13935
   1 13922
   1 13916
   1 13915
   1 13914
   1 13913
   1 13912
   1 13911
   1 13910
   1 13909
   1 13890
   1 13888
   1 13886
   1 13882
   1 1388
   1 13863
   1 13856
   1 13849
   1 13844
   1 13841
   1 13835
   1 13827
   1 13823
   1 13818
   1 1381
   1 13808
   1 13802
   1 13801
   1 1379
   1 13784
   1 13780
   1 13779
   1 13774
   1 13773
   1 13770
   1 13768
   1 13764
   1 13760
   1 13755
   1 13752
   1 13751
   1 13750
   1 1375
   1 13746
   1 13738
   1 13735
   1 13731
   1 13728
   1 13725
   1 13719
   1 13716
   1 13715
   1 13714
   1 13706
   1 13694
   1 13692
   1 13690
   1 13688
   1 13684
   1 13677
   1 13675
   1 13673
   1 13666
   1 1366
   1 13659
   1 13658
   1 13654
   1 1365
   1 13646
   1 13639
   1 13637
   1 13634
   1 13628
   1 13627
   1 1361
   1 13599
   1 13592
   1 13591
   1 1359
   1 13585
   1 13578
   1 13576
   1 13575
   1 13570
   1 13562
   1 13553
   1 13549
   1 13537
   1 13535
   1 13529
   1 13527
   1 13517
   1 13511
   1 13506
   1 13500
   1 1350
   1 13499
   1 13497
   1 13495
   1 13490
   1 13481
   1 13480
   1 13472
   1 13470
   1 13467
   1 13452
   1 13451
   1 1344
   1 13439
   1 13437
   1 13433
   1 13430
   1 13426
   1 13423
   1 13408
   1 13406
   1 13402
   1 134
   1 13396
   1 13392
   1 13389
   1 13385
   1 13376
   1 13356
   1 13354
   1 13353
   1 13351
   1 13350
   1 13346
   1 13345
   1 13340
   1 13331
   1 13328
   1 13326
   1 13314
   1 13311
   1 1331
   1 13301
   1 13300
   1 13298
   1 13297
   1 13295
   1 13294
   1 13284
   1 13281
   1 13276
   1 13273
   1 13264
   1 13256
   1 13253
   1 13251
   1 13247
   1 13246
   1 13244
   1 13241
   1 13240
   1 13237
   1 13233
   1 13230
   1 1323
   1 13229
   1 13220
   1 1321
   1 13206
   1 13203
   1 13202
   1 13200
   1 132
   1 13197
   1 13194
   1 13184
   1 13182
   1 1318
   1 13169
   1 13167
   1 13166
   1 13160
   1 1316
   1 13158
   1 1315
   1 13147
   1 13136
   1 13133
   1 13130
   1 13129
   1 13120
   1 13119
   1 13117
   1 13112
   1 1311
   1 13108
   1 13101
   1 131
   1 13090
   1 1309
   1 13089
   1 13086
   1 13084
   1 13073
   1 13069
   1 13060
   1 13059
   1 13054
   1 13052
   1 1305
   1 13046
   1 13040
   1 13037
   1 13033
   1 13022
   1 13019
   1 13015
   1 13004
   1 13001
   1 1300
   1 12992
   1 12991
   1 12989
   1 12988
   1 12980
   1 12963
   1 12958
   1 12955
   1 12939
   1 12923
   1 12912
   1 12908
   1 12906
   1 12902
   1 12897
   1 12893
   1 12890
   1 1289
   1 12885
   1 12884
   1 12882
   1 12881
   1 12873
   1 12870
   1 12866
   1 12861
   1 12858
   1 12852
   1 1285
   1 12849
   1 12846
   1 12835
   1 1283
   1 12829
   1 12827
   1 12824
   1 12821
   1 12815
   1 12813
   1 12802
   1 12800
   1 12793
   1 12783
   1 12781
   1 12778
   1 12777
   1 12774
   1 1277
   1 12769
   1 12765
   1 12762
   1 12757
   1 12756
   1 12753
   1 12750
   1 1275
   1 12748
   1 12745
   1 12741
   1 12733
   1 1272
   1 12717
   1 12712
   1 12709
   1 12706
   1 12699
   1 12698
   1 1268
   1 12679
   1 12675
   1 12672
   1 12670
   1 12669
   1 12666
   1 12659
   1 12649
   1 12641
   1 12632
   1 12631
   1 12623
   1 12621
   1 12620
   1 1262
   1 12611
   1 12608
   1 12607
   1 12606
   1 12594
   1 1259
   1 12588
   1 12581
   1 12580
   1 12574
   1 12564
   1 12558
   1 12556
   1 12555
   1 12551
   1 1255
   1 1254
   1 12538
   1 12526
   1 12523
   1 12517
   1 12513
   1 12509
   1 12501
   1 125
   1 12499
   1 12494
   1 12488
   1 1248
   1 12475
   1 12471
   1 12461
   1 12459
   1 12454
   1 12452
   1 12449
   1 12446
   1 12442
   1 1244
   1 12435
   1 12431
   1 1243
   1 12428
   1 12425
   1 12421
   1 12419
   1 12415
   1 12411
   1 12410
   1 12402
   1 12400
   1 1239
   1 12389
   1 12384
   1 12378
   1 12377
   1 12373
   1 12350
   1 1235
   1 12342
   1 1234
   1 12338
   1 12329
   1 12328
   1 12326
   1 12323
   1 12322
   1 1232
   1 12315
   1 12314
   1 12311
   1 12310
   1 12308
   1 12305
   1 12302
   1 12299
   1 12298
   1 12283
   1 12278
   1 12276
   1 12274
   1 12272
   1 12270
   1 1227
   1 12266
   1 12262
   1 12259
   1 12251
   1 12250
   1 12233
   1 12230
   1 12226
   1 12224
   1 12219
   1 12216
   1 12211
   1 12202
   1 12201
   1 12196
   1 12194
   1 1219
   1 12185
   1 1218
   1 12173
   1 1217
   1 12169
   1 12166
   1 12164
   1 12162
   1 1216
   1 12159
   1 12152
   1 12151
   1 12144
   1 12142
   1 12140
   1 12139
   1 12137
   1 12128
   1 12119
   1 12118
   1 12117
   1 12116
   1 12113
   1 12109
   1 12107
   1 12104
   1 12092
   1 12091
   1 1209
   1 12088
   1 12086
   1 12082
   1 12080
   1 12077
   1 12074
   1 12070
   1 12067
   1 1206
   1 12053
   1 12050
   1 12048
   1 12036
   1 12031
   1 12026
   1 12021
   1 12018
   1 12011
   1 12009
   1 12005
   1 12004
   1 12002
   1 1199
   1 11989
   1 11988
   1 11984
   1 11980
   1 11977
   1 11976
   1 11971
   1 11963
   1 11961
   1 11958
   1 11957
   1 11953
   1 11948
   1 11945
   1 11941
   1 11940
   1 1194
   1 11937
   1 11935
   1 11931
   1 11928
   1 1192
   1 11919
   1 11914
   1 11912
   1 11911
   1 11910
   1 1191
   1 11905
   1 11902
   1 119
   1 11898
   1 11896
   1 11887
   1 11884
   1 11882
   1 11881
   1 11873
   1 11872
   1 11870
   1 11854
   1 11853
   1 11846
   1 11840
   1 11839
   1 11837
   1 11835
   1 11829
   1 11824
   1 11818
   1 11817
   1 11815
   1 11808
   1 11803
   1 11799
   1 11795
   1 1179
   1 1178
   1 11771
   1 11769
   1 11766
   1 11764
   1 11751
   1 11736
   1 11735
   1 11726
   1 11718
   1 11713
   1 11707
   1 11706
   1 1170
   1 11699
   1 11689
   1 11687
   1 11684
   1 11681
   1 11680
   1 1167
   1 11664
   1 11651
   1 11640
   1 11633
   1 1163
   1 1162
   1 11619
   1 11618
   1 11617
   1 11614
   1 11611
   1 11610
   1 1161
   1 11597
   1 11589
   1 11583
   1 11573
   1 11572
   1 11571
   1 11569
   1 11566
   1 11565
   1 11563
   1 1156
   1 1155
   1 11547
   1 11542
   1 11538
   1 11537
   1 11535
   1 1153
   1 11523
   1 11522
   1 11520
   1 11505
   1 11502
   1 11500
   1 1150
   1 11495
   1 11492
   1 11490
   1 11483
   1 11476
   1 11474
   1 11473
   1 11472
   1 11460
   1 11459
   1 11450
   1 11443
   1 11442
   1 11439
   1 11436
   1 11430
   1 11429
   1 11428
   1 11427
   1 11426
   1 11422
   1 11421
   1 11419
   1 11414
   1 11410
   1 11408
   1 11407
   1 11406
   1 11401
   1 11400
   1 11381
   1 11376
   1 11367
   1 11365
   1 11363
   1 11360
   1 11359
   1 11358
   1 11357
   1 11346
   1 11344
   1 11343
   1 11341
   1 11340
   1 11337
   1 11331
   1 1133
   1 11328
   1 11326
   1 11322
   1 11319
   1 11317
   1 11311
   1 1131
   1 11304
   1 11303
   1 11293
   1 11292
   1 1129
   1 11286
   1 11283
   1 11281
   1 11267
   1 11266
   1 11259
   1 11240
   1 11236
   1 11232
   1 11230
   1 11224
   1 11220
   1 11216
   1 11203
   1 11202
   1 11201
   1 1120
   1 11189
   1 11185
   1 11184
   1 1118
   1 11175
   1 11174
   1 11170
   1 11163
   1 11161
   1 11150
   1 11148
   1 11144
   1 11143
   1 11141
   1 11137
   1 11126
   1 11123
   1 1112
   1 11115
   1 11110
   1 11108
   1 11102
   1 1110
   1 11099
   1 11096
   1 11090
   1 11087
   1 11086
   1 11085
   1 11081
   1 11079
   1 11069
   1 11067
   1 11066
   1 11065
   1 11060
   1 1106
   1 11052
   1 11050
   1 11046
   1 11041
   1 11039
   1 11029
   1 11025
   1 11020
   1 11019
   1 11015
   1 11012
   1 11006
   1 11003
   1 11000
   1 110
   1 10997
   1 10996
   1 10985
   1 10981
   1 10979
   1 10978
   1 10976
   1 10971
   1 10970
   1 10964
   1 10959
   1 10953
   1 10952
   1 10951
   1 10949
   1 10948
   1 10939
   1 10938
   1 10934
   1 10929
   1 10927
   1 10923
   1 10920
   1 10917
   1 10916
   1 10904
   1 10902
   1 109
   1 10888
   1 10885
   1 10880
   1 1088
   1 10879
   1 10876
   1 10875
   1 10873
   1 10868
   1 10864
   1 10856
   1 10848
   1 10847
   1 10846
   1 10839
   1 10821
   1 10816
   1 10813
   1 10812
   1 10811
   1 10807
   1 10805
   1 10802
   1 108
   1 10798
   1 10797
   1 10790
   1 10789
   1 10785
   1 10783
   1 10778
   1 10772
   1 10770
   1 10765
   1 10764
   1 10759
   1 10750
   1 10747
   1 1074
   1 10736
   1 10734
   1 10725
   1 10721
   1 10717
   1 10716
   1 10712
   1 1071
   1 10709
   1 10707
   1 10700
   1 10699
   1 10690
   1 10682
   1 10680
   1 1068
   1 10676
   1 10670
   1 10666
   1 10665
   1 10664
   1 10663
   1 10662
   1 10649
   1 10645
   1 10631
   1 1063
   1 10629
   1 10628
   1 10626
   1 10624
   1 10619
   1 10618
   1 10615
   1 10605
   1 10601
   1 10599
   1 10597
   1 10596
   1 10595
   1 10592
   1 10578
   1 10563
   1 10562
   1 10560
   1 1056
   1 10557
   1 10555
   1 10554
   1 10535
   1 10528
   1 10525
   1 10521
   1 10519
   1 10510
   1 1051
   1 10509
   1 10508
   1 10503
   1 10497
   1 10492
   1 1048
   1 10476
   1 10475
   1 10474
   1 10473
   1 10470
   1 1047
   1 10468
   1 10463
   1 10462
   1 10455
   1 10454
   1 10451
   1 10447
   1 10446
   1 10437
   1 10433
   1 10422
   1 10419
   1 10417
   1 10415
   1 10408
   1 10407
   1 10403
   1 10396
   1 10395
   1 10393
   1 10389
   1 10388
   1 10385
   1 10372
   1 10361
   1 10359
   1 10358
   1 10356
   1 10354
   1 1035
   1 10345
   1 10342
   1 10341
   1 10330
   1 10325
   1 10323
   1 1032
   1 10319
   1 10315
   1 10310
   1 10308
   1 10291
   1 10283
   1 10276
   1 10272
   1 10270
   1 1027
   1 10269
   1 10266
   1 10264
   1 10263
   1 10262
   1 10261
   1 1026
   1 10257
   1 10254
   1 10247
   1 10244
   1 10242
   1 10228
   1 10225
   1 10214
   1 10211
   1 10210
   1 10208
   1 10205
   1 10202
   1 10201
   1 1020
   1 10196
   1 10195
   1 10194
   1 10189
   1 10181
   1 10180
   1 10178
   1 10167
   1 10158
   1 1015
   1 10144
   1 10134
   1 1013
   1 10126
   1 1012
   1 10118
   1 10104
   1 10092
   1 1009
   1 10086
   1 10082
   1 10080
   1 10079
   1 10073
   1 10071
   1 10068
   1 10063
   1 10058
   1 10057
   1 10056
   1 10054
   1 10050
   1 10040
   1 10038
   1 10037
   1 10035
   1 10020
   1 10013
   1 10004
   1 1000
   1 100
   1 "landmark_id"
